Ship From, Kode Ship From, Ship To, Kode Ship To (3 Digit Huruf), Tipe Truck(2EXL,3EXL,SEMI,LD), Harga Rute
PELABUHAN,SBY-11,ABASPJ,ABS,2EXL,351000
PELABUHAN,SBY-11,ABASPJ,ABS,3EXL,398000
ANTARGD(LUARLKS),SBY-63,ANTARGD(LUARLKS),MRM,2EXL,70500
ANTARGD(LUARLKS),SBY-63,ANTARGD(LUARLKS),MRM,3EXL,75500
ANTARGD.ROMO,SBY-64,ANTARGD.ROMO,MRM,2EXL,45000
ANTARGD.ROMO,SBY-64,ANTARGD.ROMO,MRM,3EXL,50000
ANTARGD(LUARLKS),SBY-63,ANTARGD(LUARLKS),RMK,2EXL,70500
ANTARGD(LUARLKS),SBY-63,ANTARGD(LUARLKS),RMK,3EXL,75500
ANTARGD.ROMO,SBY-64,ANTARGD.ROMO,RMK,2EXL,45000
ANTARGD.ROMO,SBY-64,ANTARGD.ROMO,RMK,3EXL,50000
BOGASARI,SBY-16,CPISPJ,CIS,2EXL,356000
BOGASARI,SBY-16,CPISPJ,CIS,3EXL,403000
BOGASARI,SBY-16,CPIK,CIK,2EXL,403000
BOGASARI,SBY-16,CPIK,CIK,3EXL,454000
BOGASARI,SBY-16,CPIK,SMK,2EXL,403000
BOGASARI,SBY-16,CPIK,SMK,3EXL,454000
BOGASARI,SBY-16,JCI,JCS,2EXL,393000
BOGASARI,SBY-16,JCI,JCS,3EXL,444000
BOGASARI,SBY-16,JCI,JPB,2EXL,393000
BOGASARI,SBY-16,JCI,JPB,3EXL,444000
BOGASARI,SBY-16,JCI,JCB,2EXL,393000
BOGASARI,SBY-16,JCI,JCB,3EXL,444000
PELABUHAN,SBY-11,BEHAESTEX,,3EXL,686000
PELABUHAN,SBY-11,BEHAESTEX,,2EXL,630000
PELABUHAN,SBY-11,BYPASKRIAN,SIK,2EXL,414000
PELABUHAN,SBY-11,BYPASKRIAN,SIK,3EXL,469000
PELABUHAN,SBY-11,BYPASINDOCHEM,SIK,2EXL,414000
PELABUHAN,SBY-11,BYPASINDOCHEM,SIK,3EXL,469000
BYPASKRIAN,SBY-01,SPCRIT1,SPT,3EXL,505000
BYPASKRIAN,SBY-01,SPCRIT1,SPT,2EXL,450000
BYPASKRIAN,SBY-01,SPCRIT2,SPT,3EXL,235000
BYPASKRIAN,SBY-01,SPCRIT2,SPT,2EXL,210000
PELABUHAN,SBY-11,CARGIL,BBB,2EXL,494000
PELABUHAN,SBY-11,CARGIL,BBB,3EXL,554000
PELABUHAN,SBY-11,CARGIL,CGB,2EXL,494000
PELABUHAN,SBY-11,CARGIL,CGB,3EXL,554000
PELABUHAN,SBY-11,CARGILPIER,BJP,3EXL,645000
PELABUHAN,SBY-11,CARGILPIER,BJP,2EXL,585000
PELABUHAN,SBY-11,CARGILPIER,KRI,3EXL,645000
PELABUHAN,SBY-11,CARGILPIER,KRI,2EXL,585000
PELABUHAN,SBY-11,CARGILPIER,CGK,3EXL,645000
PELABUHAN,SBY-11,CARGILPIER,CGK,2EXL,585000
PELABUHAN,SBY-11,CARGILSUSANTI,STM,3EXL,229000
PELABUHAN,SBY-11,CARGILSUSANTI,STM,2EXL,204000
PELABUHAN,SBY-11,CARGILSUSANTI,MYG,3EXL,229000
PELABUHAN,SBY-11,CARGILSUSANTI,MYG,2EXL,204000
PELABUHAN,SBY-11,CASALAND,NHC,3EXL,474000
PELABUHAN,SBY-11,CASALAND,NHC,2EXL,419000
PELABUHAN,SBY-11,CASALAND,CSL,3EXL,474000
PELABUHAN,SBY-11,CASALAND,CSL,2EXL,419000
CASALAND,SBY-15,KRIAN1,CIK,3EXL,324000
CASALAND,SBY-15,KRIAN1,CIK,2EXL,292000
CASALAND,SBY-15,KRIAN2,CIK,2EXL,147000
CASALAND,SBY-15,KRIAN2,CIK,3EXL,162000
CASALAND,SBY-15,KRIAN1,SMK,3EXL,324000
CASALAND,SBY-15,KRIAN1,SMK,2EXL,292000
CASALAND,SBY-15,KRIAN2,SMK,2EXL,147000
CASALAND,SBY-15,KRIAN2,SMK,3EXL,162000
CASALAND,SBY-15,NEWHOPE,NHK,3EXL,-
CASALAND,SBY-15,NEWHOPE,NHK,2EXL,393000
CASALAND,SBY-15,NEWHOPE,NHJ,3EXL,-
CASALAND,SBY-15,NEWHOPE,NHJ,2EXL,393000
PELABUHAN,SBY-11,CHILLJEDANG,CJP,2EXL,680000
PELABUHAN,SBY-11,CHILLJEDANG,CJP,3EXL,713000
PELABUHAN,SBY-11,CJJOMBANG,CFJ,3EXL,668000
PELABUHAN,SBY-11,CJJOMBANG,CFJ,2EXL,635000
PELABUHAN,SBY-11,CJ.PASURUAN,CJP,3EXL,713000
PELABUHAN,SBY-11,CJ.PASURUAN,CJP,2EXL,680000
PELABUHAN,SBY-11,CPIKRIAN,SMK,2EXL,398000
PELABUHAN,SBY-11,CPIKRIAN,SMK,3EXL,449000
PELABUHAN,SBY-11,CPIKRIAN,CIK,2EXL,398000
PELABUHAN,SBY-11,CPIKRIAN,CIK,3EXL,449000
PELABUHAN,SBY-11,CPISPJ,CIS,3EXL,398000
PELABUHAN,SBY-11,CPISPJ,CIS,2EXL,351000
CPIKrian,SBY-18,CPISRIT1,CIS,3EXL,324000
CPIKrian,SBY-18,CPISRIT1,CIS,2EXL,292000
CPIKrian,SBY-18,CPIKANTARGD,CIK,2EXL,150000
CPIKrian,SBY-18,CPIKANTARGD,SMK,2EXL,150000
CPIKrian,SBY-18,CPISRIT1,CIS,3EXL,324000
CPIKrian,SBY-18,CPISRIT1,CIS,2EXL,292000
CPIKrian,SBY-18,CPISRIT2,CIS,3EXL,179000
CPIKrian,SBY-18,CPISRIT2,CIS,2EXL,161000
CPIKrian,SBY-18,CPISRIT2,CIS,3EXL,179000
CPIKrian,SBY-18,CPISRIT2,CIS,2EXL,161000
CPIKrian,SBY-18,G.COIN,GCM,2EXL,410000
CPIKrian,SBY-18,G.COIN,GCM,3EXL,461000
CPISepanjang,SBY-19,CPIKRIT2,CIK,2EXL,161000
CPISepanjang,SBY-19,CPIKRIT2,CIK,3EXL,179000
CPISepanjang,SBY-19,CPIKRIT2,SMK,2EXL,161000
CPISepanjang,SBY-19,CPIKRIT2,SMK,3EXL,179000
CPISepanjang,SBY-19,ROMO,RMK,2EXL,421000
CPISepanjang,SBY-19,ROMO,RMK,3EXL,468000
CPISepanjang,SBY-19,ROMO,MRM,2EXL,421000
CPISepanjang,SBY-19,ROMO,MRM,3EXL,468000
PELABUHAN,SBY-11,CPPDUPAK,DPK,3EXL,232000
PELABUHAN,SBY-11,CPPDUPAK,DPK,2EXL,207000
PELABUHAN,SBY-11,CPPDUPAK,CPD,3EXL,232000
PELABUHAN,SBY-11,CPPDUPAK,CPD,2EXL,207000
PELABUHAN,SBY-11,CPPSPJ,CPS,2EXL,351000
PELABUHAN,SBY-11,CPPSPJ,CPS,3EXL,398000
PELABUHAN,SBY-11,DRIYOREJO,,2EXL,346000
PELABUHAN,SBY-11,DRIYOREJO,,3EXL,393000
PELABUHAN,SBY-11,EASTHOPENGORO,WNM,2EXL,498000
PELABUHAN,SBY-11,EASTHOPENGORO,WNM,3EXL,558000
PELABUHAN,SBY-11,EASTHOPENGORO,EHN,2EXL,498000
PELABUHAN,SBY-11,EASTHOPENGORO,EHN,3EXL,558000
EastHope-Ngoro,SBY-05,MMULYO,CPM,3EXL,553000
EastHope-Ngoro,SBY-05,MMULYO,CPM,2EXL,493000
EastHope-Ngoro,SBY-05,MMULYO,JCM,3EXL,553000
EastHope-Ngoro,SBY-05,MMULYO,JCM,2EXL,493000
EastHope-Ngoro,SBY-05,MMULYO,MGP,3EXL,553000
EastHope-Ngoro,SBY-05,MMULYO,MGP,2EXL,493000
EastHope-Ngoro,SBY-05,MMULYO,BTG,3EXL,553000
EastHope-Ngoro,SBY-05,MMULYO,BTG,2EXL,493000
PELABUHAN,SBY-11,FUGUI,FKG,2EXL,383000
PELABUHAN,SBY-11,FUGUI,FKG,3EXL,435000
PELABUHAN,SBY-11,FUGUI,FUG,2EXL,383000
PELABUHAN,SBY-11,FUGUI,FUG,3EXL,435000
GANTARI,SBY-37,TL16,TBL,3EXL,380000
GANTARI,SBY-37,TL16,TBL,2EXL,334000
PELABUHAN,SBY-11,GEDANGAN,BAG,2EXL,334000
PELABUHAN,SBY-11,GEDANGAN,BAG,3EXL,380000
PELABUHAN,SBY-11,GEDANGAN,PPG,2EXL,334000
PELABUHAN,SBY-11,GEDANGAN,PPG,3EXL,380000
PELABUHAN,SBY-11,GEDANGAN,JCG,2EXL,334000
PELABUHAN,SBY-11,GEDANGAN,JCG,3EXL,380000
PELABUHAN,SBY-11,GEDANGAN,CFK,2EXL,334000
PELABUHAN,SBY-11,GEDANGAN,CFK,3EXL,380000
PELABUHAN,SBY-11,GEMPOL,MSG,2EXL,494000
PELABUHAN,SBY-11,GEMPOL,MSG,3EXL,554000
PELABUHAN,SBY-11,GEMPOL,HIG,2EXL,494000
PELABUHAN,SBY-11,GEMPOL,HIG,3EXL,554000
PELABUHAN,SBY-11,GOLDCOIN,GCM,2EXL,216000
PELABUHAN,SBY-11,GOLDCOIN,GCM,3EXL,241000
PELABUHAN,SBY-11,GRESIK,MYG,3EXL,44000
PELABUHAN,SBY-11,GRESIK,MYG,2EXL,388000
PELABUHAN,SBY-11,GRESIK,STM,3EXL,44000
PELABUHAN,SBY-11,GRESIK,STM,2EXL,388000
GRESIK,SBY-38,HARUMALAM(MYR),MYG,3EXL,205000
GRESIK,SBY-38,HARUMALAM(MYR),MYG,2EXL,180000
GRESIK,SBY-38,HARUMALAM(MYR),STM,3EXL,205000
GRESIK,SBY-38,HARUMALAM(MYR),STM,2EXL,180000
PELABUHAN,SBY-11,INDOCMENT,SPT,3EXL,474000
PELABUHAN,SBY-11,INDOCMENT,SPT,2EXL,419000
INDOCEMENT,SBY-39,GEMPOLRIT1,MSG,3EXL,674000
INDOCEMENT,SBY-39,GEMPOLRIT1,MSG,2EXL,614000
INDOCEMENT,SBY-39,GEMPOLRIT1,HIG,3EXL,674000
INDOCEMENT,SBY-39,GEMPOLRIT1,HIG,2EXL,614000
INDOCEMENT,SBY-39,GEMPOLRIT2,MSG,3EXL,549000
INDOCEMENT,SBY-39,GEMPOLRIT2,MSG,2EXL,489000
INDOCEMENT,SBY-39,GEMPOLRIT2,HIG,3EXL,549000
INDOCEMENT,SBY-39,GEMPOLRIT2,HIG,2EXL,489000
INDOCEMENT,SBY-39,MMULYO,JCM,3EXL,469000
INDOCEMENT,SBY-39,MMULYO,JCM,2EXL,414000
INDOCEMENT,SBY-39,MMULYO,CPM,3EXL,469000
INDOCEMENT,SBY-39,MMULYO,CPM,2EXL,414000
INDOCEMENT,SBY-39,MMULYO,MGP,3EXL,469000
INDOCEMENT,SBY-39,MMULYO,MGP,2EXL,414000
INDOCEMENT,SBY-39,MMULYO,BTG,3EXL,469000
INDOCEMENT,SBY-39,MMULYO,BTG,2EXL,414000
INDOCEMENT,SBY-39,PANDAAN,PPD,2EXL,489000
INDOCEMENT,SBY-39,PANDAAN,PPD,3EXL,549000
INDOCEMENT,SBY-39,W.KOYO(RIT1),WKG,2EXL,489000
INDOCEMENT,SBY-39,W.KOYO(RIT1),WKG,3EXL,674000
INDOCEMENT,SBY-39,W.KOYO(RIT1),WKY,2EXL,489000
INDOCEMENT,SBY-39,W.KOYO(RIT1),WKY,3EXL,674000
INDOCEMENT,SBY-39,W.KOYO(RIT1),IKS,2EXL,489000
INDOCEMENT,SBY-39,W.KOYO(RIT1),IKS,3EXL,674000
INDOCEMENT,SBY-39,W.KOYO(RIT2),WKY,3EXL,549000
INDOCEMENT,SBY-39,W.KOYO(RIT2),WKY,2EXL,489000
INDOCEMENT,SBY-39,W.KOYO(RIT2),WKG,3EXL,549000
INDOCEMENT,SBY-39,W.KOYO(RIT2),WKG,2EXL,489000
INDOCEMENT,SBY-39,W.KOYO(RIT2),IKS,3EXL,549000
INDOCEMENT,SBY-39,W.KOYO(RIT2),IKS,2EXL,489000
PELABUHAN,SBY-11,ISPATINDO,,2EXL,346000
PELABUHAN,SBY-11,ISPATINDO,,3EXL,393000
JAMRUD,SBY-10,CASALAND,CSL,3EXL,469000
JAMRUD,SBY-10,CASALAND,CSL,2EXL,414000
JAMRUD,SBY-10,CASALAND,NHC,3EXL,469000
JAMRUD,SBY-10,CASALAND,NHC,2EXL,414000
JAMRUD,SBY-10,CJ.JOMBANG,CFJ,3EXL,663000
JAMRUD,SBY-10,CJ.JOMBANG,CFJ,2EXL,630000
JAMRUD,SBY-10,DRIYOREJO,,3EXL,393000
JAMRUD,SBY-10,DRIYOREJO,,2EXL,346000
JAMRUD,SBY-10,GEDANGAN,BAG,2EXL,329000
JAMRUD,SBY-10,GEDANGAN,BAG,3EXL,375000
JAMRUD,SBY-10,GEDANGAN,PPG,2EXL,329000
JAMRUD,SBY-10,GEDANGAN,PPG,3EXL,375000
JAMRUD,SBY-10,GEDANGAN,CFK,2EXL,329000
JAMRUD,SBY-10,GEDANGAN,CFK,3EXL,375000
JAMRUD,SBY-10,GEDANGAN,JCG,2EXL,329000
JAMRUD,SBY-10,GEDANGAN,JCG,3EXL,375000
JAMRUD,SBY-10,GENTARI,DSG,3EXL,393000
JAMRUD,SBY-10,GENTARI,DSG,2EXL,346000
JAMRUD,SBY-10,INDOCMENT,SPT,2EXL,414000
JAMRUD,SBY-10,INDOCMENT,SPT,3EXL,469000
JAMRUD,SBY-10,JCI,JCB,3EXL,444000
JAMRUD,SBY-10,JCI,JCB,2EXL,393000
JAMRUD,SBY-10,JCI,JCS,3EXL,444000
JAMRUD,SBY-10,JCI,JCS,2EXL,393000
JAMRUD,SBY-10,JCI,JPB,3EXL,444000
JAMRUD,SBY-10,JCI,JPB,2EXL,393000
JAMRUD,SBY-10,KALIMAS,KMS,3EXL,90000
JAMRUD,SBY-10,KALIMAS,KMS,2EXL,83000
JAMRUD,SBY-10,KIG,KGG,3EXL,685000
JAMRUD,SBY-10,KIG,KGG,2EXL,625000
JAMRUD,SBY-10,KIG,KGG,3EXL,685000
JAMRUD,SBY-10,KRIAN,SMK,2EXL,398000
JAMRUD,SBY-10,KRIAN,SMK,3EXL,449000
JAMRUD,SBY-10,KRIAN,CIK,2EXL,398000
JAMRUD,SBY-10,KRIAN,CIK,3EXL,449000
JAMRUD,SBY-10,MALINDO,MAL,3EXL,489000
JAMRUD,SBY-10,MALINDO,MAL,2EXL,434000
JAMRUD,SBY-10,MALINDO,MWA,3EXL,489000
JAMRUD,SBY-10,MALINDO,MWA,2EXL,434000
JAMRUD,SBY-10,MALINDO,MLD,3EXL,489000
JAMRUD,SBY-10,MALINDO,MLD,2EXL,434000
JAMRUD,SBY-10,MALINDO,MLG,3EXL,489000
JAMRUD,SBY-10,MALINDO,MLG,2EXL,434000
JAMRUD,SBY-10,MMULYO,CPM,LD,184000
JAMRUD,SBY-10,MMULYO,BTG,LD,184000
JAMRUD,SBY-10,MMULYO,JCM,LD,184000
JAMRUD,SBY-10,MMULYO,MGP,LD,184000
JAMRUD,SBY-10,MMULYO,JCM,2EXL,196000
JAMRUD,SBY-10,MMULYO,JCM,3EXL,221000
JAMRUD,SBY-10,MMULYO,MGP,2EXL,196000
JAMRUD,SBY-10,MMULYO,MGP,3EXL,221000
JAMRUD,SBY-10,MMULYO,BTG,2EXL,196000
JAMRUD,SBY-10,MMULYO,BTG,3EXL,221000
JAMRUD,SBY-10,MMULYO,CPM,2EXL,196000
JAMRUD,SBY-10,MMULYO,CPM,3EXL,221000
JAMRUD,SBY-10,MOJOSARI,NHM,2EXL,493000
JAMRUD,SBY-10,MOJOSARI,NHM,3EXL,553000
JAMRUD,SBY-10,MOJOSARI,PFN,2EXL,493000
JAMRUD,SBY-10,MOJOSARI,PFN,3EXL,553000
JAMRUD,SBY-10,MPJS,MPJ,3EXL,878000
JAMRUD,SBY-10,MPJS,MPJ,2EXL,845000
JAMRUD,SBY-10,MURTI,MJA,3EXL,375000
JAMRUD,SBY-10,MURTI,MJA,2EXL,329000
JAMRUD,SBY-10,MURTI,MUR,3EXL,375000
JAMRUD,SBY-10,MURTI,MUR,2EXL,329000
JAMRUD,SBY-10,NEWHOPE,NHK,2EXL,346000
JAMRUD,SBY-10,NEWHOPE,NHK,3EXL,393000
JAMRUD,SBY-10,NEWHOPE,NHJ,2EXL,346000
JAMRUD,SBY-10,NEWHOPE,NHJ,3EXL,393000
JAMRUD,SBY-10,PUNGGING,DMP,3EXL,554000
JAMRUD,SBY-10,PUNGGING,DMP,2EXL,494000
JAMRUD,SBY-10,PUNGGING,DMP,OPENTOP,604000
JAMRUD,SBY-10,ROMO,RMK,2EXL,336000
JAMRUD,SBY-10,ROMO,RMK,3EXL,382000
JAMRUD,SBY-10,ROMO,MRM,2EXL,336000
JAMRUD,SBY-10,ROMO,MRM,3EXL,382000
JAMRUD,SBY-10,SEGER,SEG,3EXL,489000
JAMRUD,SBY-10,SEGER,SEG,2EXL,434000
JAMRUD,SBY-10,SEGER,SGR,3EXL,489000
JAMRUD,SBY-10,SEGER,SGR,2EXL,434000
JAMRUD,SBY-10,SIANTAR,STT,2EXL,377000
JAMRUD,SBY-10,SIANTAR,STT,3EXL,424000
JAMRUD,SBY-10,SIANTAR,STA,2EXL,377000
JAMRUD,SBY-10,SIANTAR,STA,3EXL,424000
JAMRUD,SBY-10,SIERAD,SRW,2EXL,414000
JAMRUD,SBY-10,SIERAD,SRW,3EXL,469000
JAMRUD,SBY-10,SIERAD,SID,2EXL,414000
JAMRUD,SBY-10,SIERAD,SID,3EXL,469000
JAMRUD,SBY-10,SIERAD,SYS,2EXL,414000
JAMRUD,SBY-10,SIERAD,SYS,3EXL,469000
JAMRUD,SBY-10,SPC,SPT,2EXL,393000
JAMRUD,SBY-10,SPC,SPT,OPENTOP,494000
JAMRUD,SBY-10,SPC,SPT,3EXL,444000
JAMRUD,SBY-10,SPJ,CIS,OPENTOP,396000
JAMRUD,SBY-10,SPJ,CIS,3EXL,393000
JAMRUD,SBY-10,SPJ,CIS,2EXL,346000
JAMRUD,SBY-10,SUI,SUK,3EXL,444000
JAMRUD,SBY-10,SUI,SUK,2EXL,393000
JAMRUD,SBY-10,SUI,SUI,3EXL,444000
JAMRUD,SBY-10,SUI,SUI,2EXL,393000
JAMRUD,SBY-10,TB.LANGON28,TBL,2EXL,196000
JAMRUD,SBY-10,TB.LANGON28,TBL,3EXL,221000
JAMRUD,SBY-10,TJ.BATU,TGB,3EXL,127000
JAMRUD,SBY-10,TJ.BATU,TGB,2EXL,112000
JAMRUD,SBY-10,WONOKOYO,WKG,3EXL,549000
JAMRUD,SBY-10,WONOKOYO,WKG,2EXL,489000
JAMRUD,SBY-10,WONOKOYO,IKS,3EXL,549000
JAMRUD,SBY-10,WONOKOYO,IKS,2EXL,489000
JAMRUD,SBY-10,WONOKOYO,WKY,3EXL,549000
JAMRUD,SBY-10,WONOKOYO,WKY,2EXL,489000
JASATAMA,SBY-40,ROMO,RMK,2EXL,310000
JASATAMA,SBY-40,ROMO,MRM,2EXL,310000
PELABUHAN,SBY-11,JCIGEDANGAN,BAG,2EXL,398000
PELABUHAN,SBY-11,JCIGEDANGAN,BAG,3EXL,449000
PELABUHAN,SBY-11,JCIGEDANGAN,JCG,2EXL,398000
PELABUHAN,SBY-11,JCIGEDANGAN,JCG,3EXL,449000
PELABUHAN,SBY-11,JCIGEDANGAN,CFK,2EXL,398000
PELABUHAN,SBY-11,JCIGEDANGAN,CFK,3EXL,449000
PELABUHAN,SBY-11,JCIGEDANGAN,PPG,2EXL,398000
PELABUHAN,SBY-11,JCIGEDANGAN,PPG,3EXL,449000
PELABUHAN,SBY-11,JCIMMULYO,JCM,3EXL,225000
PELABUHAN,SBY-11,JCIMMULYO,JCM,2EXL,200000
PELABUHAN,SBY-11,JCIMMULYO,MGP,3EXL,225000
PELABUHAN,SBY-11,JCIMMULYO,MGP,2EXL,200000
PELABUHAN,SBY-11,JCIMMULYO,BTG,3EXL,225000
PELABUHAN,SBY-11,JCIMMULYO,BTG,2EXL,200000
PELABUHAN,SBY-11,JCIMMULYO,CPM,3EXL,225000
PELABUHAN,SBY-11,JCIMMULYO,CPM,2EXL,200000
PELABUHAN,SBY-11,JCISDA,JCS,3EXL,449000
PELABUHAN,SBY-11,JCISDA,JCS,2EXL,398000
PELABUHAN,SBY-11,JCISDA,JPB,3EXL,449000
PELABUHAN,SBY-11,JCISDA,JPB,2EXL,398000
PELABUHAN,SBY-11,JCISDA,JCB,3EXL,449000
PELABUHAN,SBY-11,JCISDA,JCB,2EXL,398000
JIPE,SBY-41,MOJOSARI,NHM,2EXL,748000
JIPE,SBY-41,MOJOSARI,NHM,3EXL,808000
JIPE,SBY-41,MOJOSARI,PFN,2EXL,748000
JIPE,SBY-41,MOJOSARI,PFN,3EXL,808000
PELABUHAN,SBY-11,JOMBANG(PERAK),CFJ,2EXL,850000
PELABUHAN,SBY-11,JOMBANG(PERAK),CFJ,3EXL,883000
PELABUHAN,SBY-11,KALIANAK,KAL,2EXL,183000
PELABUHAN,SBY-11,KALIANAK,KAL,3EXL,208000
KALIMAS,SBY-13,ROMO,RMK,2EXL,329000
KALIMAS,SBY-13,ROMO,RMK,3EXL,375000
KALIMAS,SBY-13,ROMO,MRM,2EXL,329000
KALIMAS,SBY-13,ROMO,MRM,3EXL,375000
PELABUHAN,SBY-11,KALIMIRINGMANYAR,MYG,3EXL,255000
PELABUHAN,SBY-11,KALIMIRINGMANYAR,MYG,2EXL,230000
PELABUHAN,SBY-11,KALIMIRINGMANYAR,STM,3EXL,255000
PELABUHAN,SBY-11,KALIMIRINGMANYAR,STM,2EXL,230000
KALIMIRING,SBY-42,MURTI,MJA,2EXL,329000
KALIMIRING,SBY-42,MURTI,MJA,3EXL,375000
KALIMIRING,SBY-42,MURTI,MUR,2EXL,329000
KALIMIRING,SBY-42,MURTI,MUR,3EXL,375000
KALIMIRING,SBY-42,ROMO,MRM,3EXL,375000
KALIMIRING,SBY-42,ROMO,MRM,2EXL,329000
KALIMIRING,SBY-42,ROMO,RMK,3EXL,375000
KALIMIRING,SBY-42,ROMO,RMK,2EXL,329000
KIAS,SBY-33,FUGUI,FUG,2EXL,83000
KIAS,SBY-33,FUGUI,FUG,3EXL,90000
KIAS,SBY-33,FUGUI,FKG,2EXL,83000
KIAS,SBY-33,FUGUI,FKG,3EXL,90000
PELABUHAN,SBY-11,KIGMANYAR,KGG,2EXL,399000
PELABUHAN,SBY-11,KIGMANYAR,KGG,3EXL,451000
KIG,SBY-17,CPIS,CIS,3EXL,648000
KIG,SBY-17,CPIS,CIS,OPENTOP,698000
KIG,SBY-17,CPIS,CIS,2EXL,601000
KIG,SBY-17,GEDANGAN,BAG,2EXL,584000
KIG,SBY-17,GEDANGAN,BAG,3EXL,630000
KIG,SBY-17,GEDANGAN,JCG,2EXL,584000
KIG,SBY-17,GEDANGAN,JCG,3EXL,630000
KIG,SBY-17,GEDANGAN,CFK,2EXL,584000
KIG,SBY-17,GEDANGAN,CFK,3EXL,630000
KIG,SBY-17,GEDANGAN,PPG,2EXL,584000
KIG,SBY-17,GEDANGAN,PPG,3EXL,630000
KIG,SBY-17,INDOCEMENT,SPT,2EXL,669000
KIG,SBY-17,INDOCEMENT,SPT,3EXL,724000
KIG,SBY-17,KRIAN,SMK/CIK,OPENTOP,749000
KIG,SBY-17,KRIAN,SMK,2EXL,648000
KIG,SBY-17,KRIAN,SMK,3EXL,699000
KIG,SBY-17,KRIAN,CIK,2EXL,648000
KIG,SBY-17,KRIAN,CIK,3EXL,699000
KIG,SBY-17,MALINDO,MAL,2EXL,689000
KIG,SBY-17,MALINDO,MAL,3EXL,744000
KIG,SBY-17,MALINDO,MWA,2EXL,689000
KIG,SBY-17,MALINDO,MWA,3EXL,744000
KIG,SBY-17,MALINDO,MLD,2EXL,689000
KIG,SBY-17,MALINDO,MLD,3EXL,744000
KIG,SBY-17,MALINDO,MLG,2EXL,689000
KIG,SBY-17,MALINDO,MLG,3EXL,744000
KIG,SBY-17,MMULYO,JCM,3EXL,396000
KIG,SBY-17,MMULYO,JCM,2EXL,349000
KIG,SBY-17,MMULYO,MGP,3EXL,396000
KIG,SBY-17,MMULYO,MGP,2EXL,349000
KIG,SBY-17,MMULYO,BTG,3EXL,396000
KIG,SBY-17,MMULYO,BTG,2EXL,349000
KIG,SBY-17,MMULYO,CPM,3EXL,396000
KIG,SBY-17,MMULYO,CPM,2EXL,349000
KIG,SBY-17,MULTIPAKAN(JMBG),MPJ,2EXL,1100000
KIG,SBY-17,MULTIPAKAN(JMBG),MPJ,3EXL,1133000
KIG,SBY-17,MURTI,MJA,2EXL,336000
KIG,SBY-17,MURTI,MJA,3EXL,382000
KIG,SBY-17,MURTI,MUR,2EXL,336000
KIG,SBY-17,MURTI,MUR,3EXL,382000
KIG,SBY-17,NEWHOPE,NHK,2EXL,601000
KIG,SBY-17,NEWHOPE,NHK,3EXL,648000
KIG,SBY-17,NEWHOPE,NHJ,2EXL,601000
KIG,SBY-17,NEWHOPE,NHJ,3EXL,648000
KIG,SBY-17,ROMO,MRM,2EXL,336000
KIG,SBY-17,ROMO,MRM,3EXL,382000
KIG,SBY-17,ROMO,RMK,2EXL,336000
KIG,SBY-17,ROMO,RMK,3EXL,382000
KIG,SBY-17,TBLANGON,TBL,2EXL,332000
KIG,SBY-17,TBLANGON,TBL,3EXL,378000
KIG,SBY-17,TB.SAWAH,TSW,3EXL,679000
KIG,SBY-17,TB.SAWAH,TSW,2EXL,632000
KIG,SBY-17,TB.SAWAH,GTS,3EXL,679000
KIG,SBY-17,TB.SAWAH,GTS,2EXL,632000
KIG,SBY-17,WIRIFA,WNM,2EXL,748000
KIG,SBY-17,WIRIFA,WNM,3EXL,808000
KIG,SBY-17,WIRIFA,EHN,2EXL,748000
KIG,SBY-17,WIRIFA,EHN,3EXL,808000
KIG,SBY-17,WONOKOYO,WKY,2EXL,744000
KIG,SBY-17,WONOKOYO,WKY,3EXL,804000
KIG,SBY-17,WONOKOYO,WKG,2EXL,744000
KIG,SBY-17,WONOKOYO,WKG,3EXL,804000
KIG,SBY-17,WONOKOYO,IKS,2EXL,744000
KIG,SBY-17,WONOKOYO,IKS,3EXL,804000
PELABUHAN,SBY-11,KLETEK,NHK,2EXL,356000
PELABUHAN,SBY-11,KLETEK,NHK,3EXL,403000
PELABUHAN,SBY-11,KLETEK,NHJ,2EXL,356000
PELABUHAN,SBY-11,KLETEK,NHJ,3EXL,403000
KRIAN,SBY-43,JAMRUD,JMD,2EXL,393000
KRIAN,SBY-43,JAMRUD,JMD,3EXL,444000
KRIAN,SBY-43,JAMRUD,GTT,2EXL,393000
KRIAN,SBY-43,JAMRUD,GTT,3EXL,444000
KRIAN,SBY-43,JAMRUD,PBP,2EXL,393000
KRIAN,SBY-43,JAMRUD,PBP,3EXL,444000
KRIAN,SBY-43,MBMRIT1,,3EXL,324000
KRIAN,SBY-43,MBMRIT1,,2EXL,292000
KRIAN,SBY-43,MBMRIT2,,2EXL,147000
KRIAN,SBY-43,MBMRIT2,,3EXL,162000
KRIAN,SBY-43,MOJOSARI,PFN,3EXL,300000
KRIAN,SBY-43,MOJOSARI,PFN,3EXL,300000
KRIAN,SBY-43,ROMO,RMK,3EXL,526000
KRIAN,SBY-43,ROMO,RMK,2EXL,475000
KRIAN,SBY-43,ROMO,MRM,3EXL,526000
KRIAN,SBY-43,ROMO,MRM,2EXL,475000
KRIAN,SBY-43,WONOKOYO,WKG,3EXL,828000
KRIAN,SBY-43,WONOKOYO,WKG,2EXL,738000
KRIAN,SBY-43,WONOKOYO,IKS,3EXL,828000
KRIAN,SBY-43,WONOKOYO,IKS,2EXL,738000
KRIAN,SBY-43,WONOKOYO,WKY,3EXL,828000
KRIAN,SBY-43,WONOKOYO,WKY,2EXL,738000
PELABUHAN,SBY-11,MMULYO,JCM,2EXL,199000
PELABUHAN,SBY-11,MMULYO,JCM,3EXL,224000
PELABUHAN,SBY-11,MMULYO,MGP,2EXL,199000
PELABUHAN,SBY-11,MMULYO,MGP,3EXL,224000
PELABUHAN,SBY-11,MMULYO,BTG,2EXL,199000
PELABUHAN,SBY-11,MMULYO,BTG,3EXL,224000
PELABUHAN,SBY-11,MMULYO,CPM,2EXL,199000
PELABUHAN,SBY-11,MMULYO,CPM,3EXL,224000
Margomulyo,SBY-03,NEWHOPE,NHJ,2EXL,346000
Margomulyo,SBY-03,NEWHOPE,NHJ,3EXL,393000
Margomulyo,SBY-03,NEWHOPE,NHK,2EXL,346000
Margomulyo,SBY-03,NEWHOPE,NHK,3EXL,393000
PELABUHAN,SBY-11,MALINDO,MAL,3EXL,489000
PELABUHAN,SBY-11,MALINDO,MAL,2EXL,434000
PELABUHAN,SBY-11,MALINDO,MWA,3EXL,489000
PELABUHAN,SBY-11,MALINDO,MWA,2EXL,434000
PELABUHAN,SBY-11,MALINDO,MLD,3EXL,489000
PELABUHAN,SBY-11,MALINDO,MLD,2EXL,434000
PELABUHAN,SBY-11,MALINDO,MLG,3EXL,489000
PELABUHAN,SBY-11,MALINDO,MLG,2EXL,434000
PELABUHAN,SBY-11,MANYAR,MYG,2EXL,399000
PELABUHAN,SBY-11,MANYAR,MYG,3EXL,451000
PELABUHAN,SBY-11,MANYAR,STM,2EXL,399000
PELABUHAN,SBY-11,MANYAR,STM,3EXL,451000
MANYAR,SBY-44,INDOCEMENT,SPT,LD,639000
MANYAR,SBY-44,INDOCEMENT,SPT,2EXL,664000
MANYAR,SBY-44,INDOCEMENT,SPT,3EXL,719000
MANYAR,SBY-44,JAMRUD,JMD,2EXL,383000
MANYAR,SBY-44,JAMRUD,JMD,3EXL,435000
MANYAR,SBY-44,JAMRUD,PBP,2EXL,383000
MANYAR,SBY-44,JAMRUD,PBP,3EXL,435000
MANYAR,SBY-44,JAMRUD,GTT,2EXL,383000
MANYAR,SBY-44,JAMRUD,GTT,3EXL,435000
MANYAR,SBY-44,JCI,JCB,2EXL,643000
MANYAR,SBY-44,JCI,JCB,3EXL,694000
MANYAR,SBY-44,JCI,JCS,2EXL,643000
MANYAR,SBY-44,JCI,JCS,3EXL,694000
MANYAR,SBY-44,JCI,JPB,2EXL,643000
MANYAR,SBY-44,JCI,JPB,3EXL,694000
MANYAR,SBY-44,ROMO,MRM,3EXL,258000
MANYAR,SBY-44,ROMO,MRM,2EXL,230000
MANYAR,SBY-44,ROMO,RMK,3EXL,258000
MANYAR,SBY-44,ROMO,RMK,2EXL,230000
MANYAR,SBY-44,SIANTAR,STT,2EXL,627000
MANYAR,SBY-44,SIANTAR,STT,3EXL,674000
MANYAR,SBY-44,SIANTAR,STA,2EXL,627000
MANYAR,SBY-44,SIANTAR,STA,3EXL,674000
MANYAR,SBY-44,WONOKOYO,WKG,3EXL,799000
MANYAR,SBY-44,WONOKOYO,WKG,2EXL,739000
MANYAR,SBY-44,WONOKOYO,WKY,3EXL,799000
MANYAR,SBY-44,WONOKOYO,WKY,2EXL,739000
MANYAR,SBY-44,WONOKOYO,IKS,3EXL,799000
MANYAR,SBY-44,WONOKOYO,IKS,2EXL,739000
MANYAR,SBY-44,WIRIFA,WNM,3EXL,803000
MANYAR,SBY-44,WIRIFA,WNM,2EXL,743000
MANYAR,SBY-44,WIRIFA,EHN,3EXL,803000
MANYAR,SBY-44,WIRIFA,EHN,2EXL,743000
PELABUHAN,SBY-11,MASPIONMANYAR,STM,3EXL,205000
PELABUHAN,SBY-11,MASPIONMANYAR,STM,2EXL,180000
PELABUHAN,SBY-11,MASPIONMANYAR,MYG,3EXL,205000
PELABUHAN,SBY-11,MASPIONMANYAR,MYG,2EXL,180000
MBM,SBY-45,KRIANRIT1,CIK,3EXL,324000
MBM,SBY-45,KRIANRIT1,CIK,2EXL,292000
MBM,SBY-45,KRIANRIT2,CIK,3EXL,162000
MBM,SBY-45,KRIANRIT2,CIK,2EXL,147000
MBM,SBY-45,KRIANRIT1,SMK,3EXL,324000
MBM,SBY-45,KRIANRIT1,SMK,2EXL,292000
MBM,SBY-45,KRIANRIT2,SMK,3EXL,162000
MBM,SBY-45,KRIANRIT2,SMK,2EXL,147000
PELABUHAN,SBY-11,MBMSIDOREJO,,3EXL,449000
PELABUHAN,SBY-11,MBMSIDOREJO,,2EXL,398000
Margomulyo,SBY-03,CARGIL,BBB,3EXL,554000
Margomulyo,SBY-03,CARGIL,BBB,2EXL,494000
Margomulyo,SBY-03,CARGIL,CGB,3EXL,554000
Margomulyo,SBY-03,CARGIL,CGB,2EXL,494000
Margomulyo,SBY-03,CARGILPIER,KRI,3EXL,645000
Margomulyo,SBY-03,CARGILPIER,KRI,2EXL,585000
Margomulyo,SBY-03,CARGILPIER,CGK,3EXL,645000
Margomulyo,SBY-03,CARGILPIER,CGK,2EXL,585000
Margomulyo,SBY-03,CARGILPIER,BJP,3EXL,645000
Margomulyo,SBY-03,CARGILPIER,BJP,2EXL,585000
Margomulyo,SBY-03,CPPS,CPS,3EXL,398000
Margomulyo,SBY-03,CPPS,CPS,2EXL,351000
Margomulyo,SBY-03,DUPAK,DPK,3EXL,224000
Margomulyo,SBY-03,DUPAK,DPK,2EXL,199000
Margomulyo,SBY-03,DUPAK,CPD,3EXL,224000
Margomulyo,SBY-03,DUPAK,CPD,2EXL,199000
Margomulyo,SBY-03,EASTNGORO,WNM,2EXL,498000
Margomulyo,SBY-03,EASTNGORO,WNM,3EXL,558000
Margomulyo,SBY-03,EASTNGORO,EHN,2EXL,498000
Margomulyo,SBY-03,EASTNGORO,EHN,3EXL,558000
Margomulyo,SBY-03,GEDANGAN,BAG,3EXL,380000
Margomulyo,SBY-03,GEDANGAN,BAG,2EXL,334000
Margomulyo,SBY-03,GEDANGAN,PPG,3EXL,380000
Margomulyo,SBY-03,GEDANGAN,PPG,2EXL,334000
Margomulyo,SBY-03,GEDANGAN,JCG,3EXL,380000
Margomulyo,SBY-03,GEDANGAN,JCG,2EXL,334000
Margomulyo,SBY-03,GEDANGAN,CFK,3EXL,380000
Margomulyo,SBY-03,GEDANGAN,CFK,2EXL,334000
Margomulyo,SBY-03,GEMPOL,MSG,2EXL,494000
Margomulyo,SBY-03,GEMPOL,MSG,3EXL,554000
Margomulyo,SBY-03,GEMPOL,HIG,2EXL,494000
Margomulyo,SBY-03,GEMPOL,HIG,3EXL,554000
Margomulyo,SBY-03,INDOCMENT,SPT,3EXL,474000
Margomulyo,SBY-03,INDOCMENT,SPT,2EXL,419000
Margomulyo,SBY-03,JAMRUD,JMD,2EXL,199000
Margomulyo,SBY-03,JAMRUD,JMD,3EXL,224000
Margomulyo,SBY-03,JAMRUD,GTT,2EXL,199000
Margomulyo,SBY-03,JAMRUD,GTT,3EXL,224000
Margomulyo,SBY-03,JAMRUD,PBP,2EXL,199000
Margomulyo,SBY-03,JAMRUD,PBP,3EXL,224000
Margomulyo,SBY-03,JCISDA,JCB,3EXL,449000
Margomulyo,SBY-03,JCISDA,JCB,2EXL,398000
Margomulyo,SBY-03,JCISDA,JPB,3EXL,449000
Margomulyo,SBY-03,JCISDA,JPB,2EXL,398000
Margomulyo,SBY-03,JCISDA,JCS,3EXL,449000
Margomulyo,SBY-03,JCISDA,JCS,2EXL,398000
Margomulyo,SBY-03,JMBG(PERAK),CFJ,3EXL,883000
Margomulyo,SBY-03,JMBG(PERAK),CFJ,2EXL,850000
Margomulyo,SBY-03,KRIAN,SMK,3EXL,449000
Margomulyo,SBY-03,KRIAN,SMK,2EXL,398000
Margomulyo,SBY-03,KRIAN,CIK,3EXL,449000
Margomulyo,SBY-03,KRIAN,CIK,2EXL,398000
Margomulyo,SBY-03,MALINDO,MAL,3EXL,494000
Margomulyo,SBY-03,MALINDO,MAL,2EXL,439000
Margomulyo,SBY-03,MALINDO,MLG,3EXL,494000
Margomulyo,SBY-03,MALINDO,MLG,2EXL,439000
Margomulyo,SBY-03,MALINDO,MWA,3EXL,494000
Margomulyo,SBY-03,MALINDO,MWA,2EXL,439000
Margomulyo,SBY-03,MALINDO,MLD,3EXL,494000
Margomulyo,SBY-03,MALINDO,MLD,2EXL,439000
Margomulyo,SBY-03,MMULYO,JCM,3EXL,205000
Margomulyo,SBY-03,MMULYO,JCM,2EXL,332000
Margomulyo,SBY-03,MMULYO,JCM,3EXL,378000
Margomulyo,SBY-03,MMULYO,JCM,2EXL,180000
Margomulyo,SBY-03,MMULYO,MGP,3EXL,205000
Margomulyo,SBY-03,MMULYO,MGP,2EXL,332000
Margomulyo,SBY-03,MMULYO,MGP,3EXL,378000
Margomulyo,SBY-03,MMULYO,MGP,2EXL,180000
Margomulyo,SBY-03,MMULYO,BTG,3EXL,205000
Margomulyo,SBY-03,MMULYO,BTG,2EXL,332000
Margomulyo,SBY-03,MMULYO,BTG,3EXL,378000
Margomulyo,SBY-03,MMULYO,BTG,2EXL,180000
Margomulyo,SBY-03,MMULYO,CPM,3EXL,205000
Margomulyo,SBY-03,MMULYO,CPM,2EXL,332000
Margomulyo,SBY-03,MMULYO,CPM,3EXL,378000
Margomulyo,SBY-03,MMULYO,CPM,2EXL,180000
Margomulyo,SBY-03,NEWHOPE,NHK,3EXL,393000
Margomulyo,SBY-03,NEWHOPE,NHK,2EXL,346000
Margomulyo,SBY-03,NEWHOPE,NHJ,3EXL,393000
Margomulyo,SBY-03,NEWHOPE,NHJ,2EXL,346000
Margomulyo,SBY-03,NGORO,EHN,2EXL,493000
Margomulyo,SBY-03,NGORO,EHN,3EXL,553000
Margomulyo,SBY-03,NGORO,WNM,2EXL,493000
Margomulyo,SBY-03,NGORO,WNM,3EXL,553000
Margomulyo,SBY-03,PAKINDO,PKJ,2EXL,346000
Margomulyo,SBY-03,PAKINDO,PKJ,3EXL,393000
Margomulyo,SBY-03,PAKINDO,PKD,2EXL,346000
Margomulyo,SBY-03,PAKINDO,PKD,3EXL,393000
Margomulyo,SBY-03,PANADIA,,2EXL,180000
Margomulyo,SBY-03,PANADIA,,3EXL,205000
Margomulyo,SBY-03,PANDAAN,PPD,2EXL,489000
Margomulyo,SBY-03,PANDAAN,PPD,3EXL,549000
Margomulyo,SBY-03,PIER,KRI,3EXL,640000
Margomulyo,SBY-03,PIER,KRI,2EXL,580000
Margomulyo,SBY-03,PIER,CGK,3EXL,640000
Margomulyo,SBY-03,PIER,CGK,2EXL,580000
Margomulyo,SBY-03,PIER,BJP,3EXL,640000
Margomulyo,SBY-03,PIER,BJP,2EXL,580000
Margomulyo,SBY-03,PUNGGING,DMP,2EXL,494000
Margomulyo,SBY-03,PUNGGING,DMP,3EXL,554000
Margomulyo,SBY-03,SAMSUNGPAS.,CFJ,3EXL,708000
Margomulyo,SBY-03,SAMSUNGPAS.,CFJ,2EXL,675000
Margomulyo,SBY-03,SEGER,SGR,3EXL,489000
Margomulyo,SBY-03,SEGER,SGR,2EXL,434000
Margomulyo,SBY-03,SEGER,SEG,3EXL,489000
Margomulyo,SBY-03,SEGER,SEG,2EXL,434000
Margomulyo,SBY-03,SIERAD,SRW,2EXL,414000
Margomulyo,SBY-03,SIERAD,SRW,3EXL,469000
Margomulyo,SBY-03,SIERAD,SID,2EXL,414000
Margomulyo,SBY-03,SIERAD,SID,3EXL,469000
Margomulyo,SBY-03,SIERAD,SYS,2EXL,414000
Margomulyo,SBY-03,SIERAD,SYS,3EXL,469000
Margomulyo,SBY-03,TB,TGB,2EXL,196000
Margomulyo,SBY-03,TB,TGB,3EXL,221000
Margomulyo,SBY-03,TBLANGON,TBL,3EXL,205000
Margomulyo,SBY-03,TBLANGON,TBL,2EXL,180000
Margomulyo,SBY-03,W.KOYO,WKG,3EXL,549000
Margomulyo,SBY-03,W.KOYO,WKG,2EXL,489000
Margomulyo,SBY-03,W.KOYO,IKS,3EXL,549000
Margomulyo,SBY-03,W.KOYO,IKS,2EXL,489000
Margomulyo,SBY-03,W.KOYO,WKY,3EXL,549000
Margomulyo,SBY-03,W.KOYO,WKY,2EXL,489000
Margomulyo,SBY-03,WIRIFA,EHN,2EXL,346000
Margomulyo,SBY-03,WIRIFA,EHN,3EXL,393000
Margomulyo,SBY-03,WIRIFA,WNM,2EXL,346000
Margomulyo,SBY-03,WIRIFA,WNM,3EXL,393000
PELABUHAN,SBY-11,MOJOSARI,NHM,2EXL,498000
PELABUHAN,SBY-11,MOJOSARI,NHM,3EXL,558000
PELABUHAN,SBY-11,MOJOSARI,PFN,2EXL,498000
PELABUHAN,SBY-11,MOJOSARI,PFN,3EXL,558000
PELABUHAN,SBY-11,MURTIGRESIK,MJA,2EXL,334000
PELABUHAN,SBY-11,MURTIGRESIK,MJA,3EXL,380000
PELABUHAN,SBY-11,MURTIGRESIK,MUR,2EXL,334000
PELABUHAN,SBY-11,MURTIGRESIK,MUR,3EXL,380000
MurtiJayaAbadi,SBY-23,INDOCMENT,SPT,2EXL,494000
MurtiJayaAbadi,SBY-23,INDOCMENT,SPT,3EXL,549000
MurtiJayaAbadi,SBY-23,JMBGPERAK,CFJ,2EXL,925000
MurtiJayaAbadi,SBY-23,JMBGPERAK,CFJ,3EXL,958000
MurtiJayaAbadi,SBY-23,NEWHOPE,NHK,3EXL,473000
MurtiJayaAbadi,SBY-23,NEWHOPE,NHK,2EXL,426000
MurtiJayaAbadi,SBY-23,NEWHOPE,NHJ,3EXL,473000
MurtiJayaAbadi,SBY-23,NEWHOPE,NHJ,2EXL,426000
MurtiJayaAbadi,SBY-23,PIER,KRI,2EXL,660000
MurtiJayaAbadi,SBY-23,PIER,KRI,3EXL,720000
MurtiJayaAbadi,SBY-23,PIER,CGK,2EXL,660000
MurtiJayaAbadi,SBY-23,PIER,CGK,3EXL,720000
MurtiJayaAbadi,SBY-23,PIER,BJP,2EXL,660000
MurtiJayaAbadi,SBY-23,PIER,BJP,3EXL,720000
MurtiJayaAbadi,SBY-23,SIANTAR,STA,3EXL,504000
MurtiJayaAbadi,SBY-23,SIANTAR,STA,2EXL,457000
MurtiJayaAbadi,SBY-23,SIANTAR,STT,3EXL,504000
MurtiJayaAbadi,SBY-23,SIANTAR,STT,2EXL,457000
MurtiJayaAbadi,SBY-23,SIERAD,SRW,3EXL,549000
MurtiJayaAbadi,SBY-23,SIERAD,SRW,2EXL,494000
MurtiJayaAbadi,SBY-23,SIERAD,SID,3EXL,549000
MurtiJayaAbadi,SBY-23,SIERAD,SID,2EXL,494000
MurtiJayaAbadi,SBY-23,SIERAD,SYS,3EXL,549000
MurtiJayaAbadi,SBY-23,SIERAD,SYS,2EXL,494000
MurtiJayaAbadi,SBY-23,SPJ,CIS,3EXL,473000
MurtiJayaAbadi,SBY-23,SPJ,CIS,2EXL,426000
MurtiJayaAbadi,SBY-23,STPMANYAR,STM,3EXL,391000
MurtiJayaAbadi,SBY-23,STPMANYAR,STM,2EXL,345000
MurtiJayaAbadi,SBY-23,STPMANYAR,MYG,3EXL,391000
MurtiJayaAbadi,SBY-23,STPMANYAR,MYG,2EXL,345000
PELABUHAN,SBY-11,NEWHOPE,NHJ,2EXL,351000
PELABUHAN,SBY-11,NEWHOPE,NHJ,3EXL,398000
PELABUHAN,SBY-11,NEWHOPE,NHK,2EXL,351000
PELABUHAN,SBY-11,NEWHOPE,NHK,3EXL,398000
NEWHOPE,SBY-34,MMULYO,JCM,2EXL,351000
NEWHOPE,SBY-34,MMULYO,JCM,3EXL,398000
NEWHOPE,SBY-34,MMULYO,MGP,2EXL,351000
NEWHOPE,SBY-34,MMULYO,MGP,3EXL,398000
NEWHOPE,SBY-34,MMULYO,BTG,2EXL,351000
NEWHOPE,SBY-34,MMULYO,BTG,3EXL,398000
NEWHOPE,SBY-34,MMULYO,CPM,2EXL,351000
NEWHOPE,SBY-34,MMULYO,CPM,3EXL,398000
PelabuhanGresik,SBY-12,CPIK,SMK,2EXL,669000
PelabuhanGresik,SBY-12,CPIK,SMK,3EXL,724000
PelabuhanGresik,SBY-12,CPIK,CIK,2EXL,669000
PelabuhanGresik,SBY-12,CPIK,CIK,3EXL,724000
PelabuhanMaspion,SBY-47,FUGUI,FUG,2EXL,180000
PelabuhanMaspion,SBY-47,FUGUI,FUG,3EXL,205000
PelabuhanMaspion,SBY-47,FUGUI,FKG,2EXL,180000
PelabuhanMaspion,SBY-47,FUGUI,FKG,3EXL,205000
PELABUHAN,SBY-11,PANADIA,,3EXL,209000
PELABUHAN,SBY-11,PANADIA,,2EXL,184000
PANADIA,SBY-48,MURTI,MJA,2EXL,324000
PANADIA,SBY-48,MURTI,MJA,3EXL,370000
PANADIA,SBY-48,MURTI,MUR,2EXL,324000
PANADIA,SBY-48,MURTI,MUR,3EXL,370000
PANADIA,SBY-48,TB,TGB,2EXL,180000
PANADIA,SBY-48,TB,TGB,3EXL,205000
PANADIA,SBY-48,TB.SAWAH,GTS,3EXL,424000
PANADIA,SBY-48,TB.SAWAH,GTS,2EXL,377000
PANADIA,SBY-48,TB.SAWAH,TSW,3EXL,424000
PANADIA,SBY-48,TB.SAWAH,TSW,2EXL,377000
PELABUHAN,SBY-11,PANDAAN,PPD,2EXL,494000
PELABUHAN,SBY-11,PANDAAN,PPD,3EXL,554000
PELABUHAN,SBY-11,PASURUAN,CJP,3EXL,554000
PELABUHAN,SBY-11,PASURUAN,CJP,2EXL,494000
PelabuhanGresik,SBY-12,PEL.GRESIK-ROMO,MRM,2EXL,230000
PelabuhanGresik,SBY-12,PEL.GRESIK-ROMO,MRM,3EXL,258000
PelabuhanGresik,SBY-12,PEL.GRESIK-ROMO,RMK,2EXL,230000
PelabuhanGresik,SBY-12,PEL.GRESIK-ROMO,RMK,3EXL,258000
PELABUHAN,SBY-11,PIERKRATON,KRI,2EXL,585000
PELABUHAN,SBY-11,PIERKRATON,KRI,3EXL,645000
PELABUHAN,SBY-11,PIERKRATON,CGK,2EXL,585000
PELABUHAN,SBY-11,PIERKRATON,CGK,3EXL,645000
PELABUHAN,SBY-11,PIERKRATON,BJP,2EXL,585000
PELABUHAN,SBY-11,PIERKRATON,BJP,3EXL,645000
PELABUHAN,SBY-11,PPGEDANGAN,BAG,3EXL,380000
PELABUHAN,SBY-11,PPGEDANGAN,BAG,2EXL,334000
PELABUHAN,SBY-11,PPGEDANGAN,JCG,3EXL,380000
PELABUHAN,SBY-11,PPGEDANGAN,JCG,2EXL,334000
PELABUHAN,SBY-11,PPGEDANGAN,CFK,3EXL,380000
PELABUHAN,SBY-11,PPGEDANGAN,CFK,2EXL,334000
PELABUHAN,SBY-11,PPGEDANGAN,PPG,3EXL,380000
PELABUHAN,SBY-11,PPGEDANGAN,PPG,2EXL,334000
PELABUHAN,SBY-11,PPGEMPOL,MSG,3EXL,554000
PELABUHAN,SBY-11,PPGEMPOL,MSG,2EXL,494000
PELABUHAN,SBY-11,PPGEMPOL,HIG,3EXL,554000
PELABUHAN,SBY-11,PPGEMPOL,HIG,2EXL,494000
PROBOLINGGO,SBY-49,KRIAN,SMK,2EXL,925000
PROBOLINGGO,SBY-49,KRIAN,SMK,3EXL,958000
PROBOLINGGO,SBY-49,KRIAN,CIK,2EXL,925000
PROBOLINGGO,SBY-49,KRIAN,CIK,3EXL,958000
Abba(Trosobo),SBY-06,MMULYO,JCM,2EXL,346000
Abba(Trosobo),SBY-06,MMULYO,JCM,3EXL,393000
Abba(Trosobo),SBY-06,MMULYO,MGP,2EXL,346000
Abba(Trosobo),SBY-06,MMULYO,MGP,3EXL,393000
Abba(Trosobo),SBY-06,MMULYO,BTG,2EXL,346000
Abba(Trosobo),SBY-06,MMULYO,BTG,3EXL,393000
Abba(Trosobo),SBY-06,MMULYO,CPM,2EXL,346000
Abba(Trosobo),SBY-06,MMULYO,CPM,3EXL,393000
PELABUHAN,SBY-11,PUNGGING,DMP,2EXL,449000
PELABUHAN,SBY-11,PUNGGING,DMP,3EXL,559000
PUNGGING,SBY-50,MMULYO,JCM,3EXL,554000
PUNGGING,SBY-50,MMULYO,JCM,2EXL,494000
PUNGGING,SBY-50,MMULYO,MGP,3EXL,554000
PUNGGING,SBY-50,MMULYO,MGP,2EXL,494000
PUNGGING,SBY-50,MMULYO,BTG,3EXL,554000
PUNGGING,SBY-50,MMULYO,BTG,2EXL,494000
PUNGGING,SBY-50,MMULYO,CPM,3EXL,554000
PUNGGING,SBY-50,MMULYO,CPM,2EXL,494000
PELABUHAN,SBY-11,ROMOK,RMK,2EXL,336000
PELABUHAN,SBY-11,ROMOK,RMK,3EXL,382000
PELABUHAN,SBY-11,ROMOK,MRM,2EXL,336000
PELABUHAN,SBY-11,ROMOK,MRM,3EXL,382000
Romokalisari,SBY-02,ANTABOGA,,2EXL,421000
Romokalisari,SBY-02,ANTABOGA,,3EXL,468000
Romokalisari,SBY-02,BETRO,,2EXL,411000
Romokalisari,SBY-02,BETRO,,3EXL,457000
Romokalisari,SBY-02,C.SORINI,CLS,3EXL,708000
Romokalisari,SBY-02,C.SORINI,CLS,2EXL,658000
Romokalisari,SBY-02,C.SORINI,CLS,OPENTOP,758000
Romokalisari,SBY-02,CARGIL,BBB,2EXL,569000
Romokalisari,SBY-02,CARGIL,BBB,3EXL,629000
Romokalisari,SBY-02,CARGIL,CGB,2EXL,569000
Romokalisari,SBY-02,CARGIL,CGB,3EXL,629000
Romokalisari,SBY-02,CASALAND,CSL,3EXL,549000
Romokalisari,SBY-02,CASALAND,CSL,2EXL,494000
Romokalisari,SBY-02,CASALAND,NHC,3EXL,549000
Romokalisari,SBY-02,CASALAND,NHC,2EXL,494000
Romokalisari,SBY-02,CJ.PASURUAN,CJP,2EXL,755000
Romokalisari,SBY-02,CJ.PASURUAN,CJP,3EXL,488000
Romokalisari,SBY-02,CJ.JOMBANG,CFJ,2EXL,710000
Romokalisari,SBY-02,CJ.JOMBANG,CFJ,3EXL,743000
Romokalisari,SBY-02,CPISPJ,CIS,2EXL,426000
Romokalisari,SBY-02,CPISPJ,CIS,3EXL,473000
Romokalisari,SBY-02,CPPS,CPS,2EXL,426000
Romokalisari,SBY-02,CPPS,CPS,3EXL,473000
Romokalisari,SBY-02,DUPAK,DPK,2EXL,284000
Romokalisari,SBY-02,DUPAK,DPK,3EXL,309000
Romokalisari,SBY-02,DUPAK,CPD,2EXL,284000
Romokalisari,SBY-02,DUPAK,CPD,3EXL,309000
Romokalisari,SBY-02,EASTHOPE,EHN,3EXL,633000
Romokalisari,SBY-02,EASTHOPE,EHN,2EXL,573000
Romokalisari,SBY-02,EASTHOPE,WNM,3EXL,633000
Romokalisari,SBY-02,EASTHOPE,WNM,2EXL,573000
Romokalisari,SBY-02,G.COIN,GCM,3EXL,296000
Romokalisari,SBY-02,G.COIN,GCM,2EXL,271000
Romokalisari,SBY-02,GEDANGAN,BAG,2EXL,409000
Romokalisari,SBY-02,GEDANGAN,BAG,3EXL,455000
Romokalisari,SBY-02,GEDANGAN,JCG,2EXL,409000
Romokalisari,SBY-02,GEDANGAN,JCG,3EXL,455000
Romokalisari,SBY-02,GEDANGAN,CFK,2EXL,409000
Romokalisari,SBY-02,GEDANGAN,CFK,3EXL,455000
Romokalisari,SBY-02,GEDANGAN,PPG,2EXL,409000
Romokalisari,SBY-02,GEDANGAN,PPG,3EXL,455000
Romokalisari,SBY-02,GEMPOL,MSG,3EXL,629000
Romokalisari,SBY-02,GEMPOL,MSG,2EXL,569000
Romokalisari,SBY-02,GEMPOL,HIG,3EXL,629000
Romokalisari,SBY-02,GEMPOL,HIG,2EXL,569000
Romokalisari,SBY-02,INDOCEMENT,SPT,3EXL,549000
Romokalisari,SBY-02,INDOCEMENT,SPT,2EXL,494000
Romokalisari,SBY-02,JAMRUD,JMD,2EXL,336000
Romokalisari,SBY-02,JAMRUD,JMD,3EXL,382000
Romokalisari,SBY-02,JAMRUD,GTT,2EXL,336000
Romokalisari,SBY-02,JAMRUD,GTT,3EXL,382000
Romokalisari,SBY-02,JAMRUD,PBP,2EXL,336000
Romokalisari,SBY-02,JAMRUD,PBP,3EXL,382000
Romokalisari,SBY-02,JCI,JCS,3EXL,524000
Romokalisari,SBY-02,JCI,JCS,2EXL,473000
Romokalisari,SBY-02,JCI,JPB,3EXL,524000
Romokalisari,SBY-02,JCI,JPB,2EXL,473000
Romokalisari,SBY-02,JCI,JCB,3EXL,524000
Romokalisari,SBY-02,JCI,JCB,2EXL,473000
Romokalisari,SBY-02,JMBG(PERAK),CFJ,2EXL,925000
Romokalisari,SBY-02,JMBG(PERAK),CFJ,3EXL,958000
Romokalisari,SBY-02,JOMBANG,CFJ,2EXL,710000
Romokalisari,SBY-02,JOMBANG,CFJ,3EXL,743000
Romokalisari,SBY-02,KRIAN,CIK,3EXL,524000
Romokalisari,SBY-02,KRIAN,CIK,2EXL,473000
Romokalisari,SBY-02,KRIAN,SMK,3EXL,524000
Romokalisari,SBY-02,KRIAN,SMK,2EXL,473000
Romokalisari,SBY-02,M.SUNGKONO,,2EXL,122000
Romokalisari,SBY-02,M.SUNGKONO,,3EXL,137000
Romokalisari,SBY-02,MALINDO,MAL,2EXL,516000
Romokalisari,SBY-02,MALINDO,MAL,3EXL,571000
Romokalisari,SBY-02,MALINDO,MWA,2EXL,516000
Romokalisari,SBY-02,MALINDO,MWA,3EXL,571000
Romokalisari,SBY-02,MALINDO,MLD,2EXL,516000
Romokalisari,SBY-02,MALINDO,MLD,3EXL,571000
Romokalisari,SBY-02,MALINDO,MLG,2EXL,516000
Romokalisari,SBY-02,MALINDO,MLG,3EXL,571000
Romokalisari,SBY-02,MANYAR,MYG,3EXL,274000
Romokalisari,SBY-02,MANYAR,MYG,2EXL,246000
Romokalisari,SBY-02,MANYAR,STM,3EXL,274000
Romokalisari,SBY-02,MANYAR,STM,2EXL,246000
Romokalisari,SBY-02,MIWON,,2EXL,421000
Romokalisari,SBY-02,MIWON,,3EXL,468000
Romokalisari,SBY-02,MMULYO,JCM,2EXL,271000
Romokalisari,SBY-02,MMULYO,JCM,3EXL,296000
Romokalisari,SBY-02,MMULYO,MGP,2EXL,271000
Romokalisari,SBY-02,MMULYO,MGP,3EXL,296000
Romokalisari,SBY-02,MMULYO,BTG,2EXL,271000
Romokalisari,SBY-02,MMULYO,BTG,3EXL,296000
Romokalisari,SBY-02,MMULYO,CPM,2EXL,271000
Romokalisari,SBY-02,MMULYO,CPM,3EXL,296000
Romokalisari,SBY-02,MOJOSARI,PFN,3EXL,633000
Romokalisari,SBY-02,MOJOSARI,PFN,2EXL,573000
Romokalisari,SBY-02,MOJOSARI,NHM,3EXL,633000
Romokalisari,SBY-02,MOJOSARI,NHM,2EXL,573000
Romokalisari,SBY-02,MULTIPAKAN,MPJ,2EXL,925000
Romokalisari,SBY-02,MULTIPAKAN,MPJ,3EXL,958000
Romokalisari,SBY-02,MURTI,MJA,2EXL,129000
Romokalisari,SBY-02,MURTI,MJA,3EXL,144000
Romokalisari,SBY-02,MURTI,MUR,2EXL,129000
Romokalisari,SBY-02,MURTI,MUR,3EXL,144000
Romokalisari,SBY-02,NEWHOPE,NHK,3EXL,475000
Romokalisari,SBY-02,NEWHOPE,NHK,2EXL,427000
Romokalisari,SBY-02,NEWHOPE,NHJ,3EXL,475000
Romokalisari,SBY-02,NEWHOPE,NHJ,2EXL,427000
Romokalisari,SBY-02,NGORO,WNM,2EXL,573000
Romokalisari,SBY-02,NGORO,WNM,3EXL,633000
Romokalisari,SBY-02,NGORO,EHN,2EXL,573000
Romokalisari,SBY-02,NGORO,EHN,3EXL,633000
Romokalisari,SBY-02,PANDAAN,PPD,3EXL,633000
Romokalisari,SBY-02,PANDAAN,PPD,2EXL,573000
Romokalisari,SBY-02,PIER,KRI,3EXL,720000
Romokalisari,SBY-02,PIER,KRI,2EXL,660000
Romokalisari,SBY-02,PIER,CGK,3EXL,720000
Romokalisari,SBY-02,PIER,CGK,2EXL,660000
Romokalisari,SBY-02,PIER,BJP,3EXL,720000
Romokalisari,SBY-02,PIER,BJP,2EXL,660000
Romokalisari,SBY-02,PUNGGING,DMP,2EXL,567000
Romokalisari,SBY-02,PUNGGING,DMP,3EXL,627000
Romokalisari,SBY-02,ROMO(MANNA),MRM,3EXL,50000
Romokalisari,SBY-02,ROMO(MANNA),MRM,2EXL,45000
Romokalisari,SBY-02,ROMO(MANNA),RMK,3EXL,50000
Romokalisari,SBY-02,ROMO(MANNA),RMK,2EXL,45000
Romokalisari,SBY-02,SEGER,SEG,2EXL,514000
Romokalisari,SBY-02,SEGER,SEG,3EXL,569000
Romokalisari,SBY-02,SEGER,SGR,2EXL,514000
Romokalisari,SBY-02,SEGER,SGR,3EXL,569000
Romokalisari,SBY-02,SIDOARJO,JCB,3EXL,473000
Romokalisari,SBY-02,SIDOARJO,JCB,2EXL,426000
Romokalisari,SBY-02,SIDOARJO,JPB,3EXL,473000
Romokalisari,SBY-02,SIDOARJO,JPB,2EXL,426000
Romokalisari,SBY-02,SIDOARJO,JCS,3EXL,473000
Romokalisari,SBY-02,SIDOARJO,JCS,2EXL,426000
Romokalisari,SBY-02,SIERAD,SRW,3EXL,549000
Romokalisari,SBY-02,SIERAD,SRW,2EXL,494000
Romokalisari,SBY-02,SIERAD,SID,3EXL,549000
Romokalisari,SBY-02,SIERAD,SID,2EXL,494000
Romokalisari,SBY-02,SIERAD,SYS,3EXL,549000
Romokalisari,SBY-02,SIERAD,SYS,2EXL,494000
Romokalisari,SBY-02,SPC,SPT,3EXL,524000
Romokalisari,SBY-02,SPC,SPT,2EXL,473000
Romokalisari,SBY-02,SPJ,CIS,2EXL,426000
Romokalisari,SBY-02,SPJ,CIS,3EXL,473000
Jamrud,SBY-10,ABBASPJ,ABS,Semi,276000
Jamrud,SBY-10,ABBASPJ,ABS,LD,331000
Jamrud,SBY-10,BLITAR,SKR,Semi,1250000
Jamrud,SBY-10,BLITAR,SKR,LD,1325000
Jamrud,SBY-10,BLITAR,QLB,Semi,1250000
Jamrud,SBY-10,BLITAR,QLB,LD,1325000
Jamrud,SBY-10,BLITAR,WDR,Semi,1250000
Jamrud,SBY-10,BLITAR,WDR,LD,1325000
Jamrud,SBY-10,BLITAR,GFB,Semi,1250000
Jamrud,SBY-10,BLITAR,GFB,LD,1325000
Jamrud,SBY-10,BLITAR,SMB,Semi,1250000
Jamrud,SBY-10,BLITAR,SMB,LD,1325000
Jamrud,SBY-10,BRONDONG(LAMONGAN),LMG,Semi,770000
Jamrud,SBY-10,BRONDONG(LAMONGAN),LMG,LD,815000
Jamrud,SBY-10,BRONDONG(LAMONGAN),BDL,Semi,770000
Jamrud,SBY-10,BRONDONG(LAMONGAN),BDL,LD,815000
Jamrud,SBY-10,CARGILLBEJI,BBB,Semi,420000
Jamrud,SBY-10,CARGILLBEJI,BBB,LD,474000
Jamrud,SBY-10,CARGILLBEJI,CGB,Semi,420000
Jamrud,SBY-10,CARGILLBEJI,CGB,LD,474000
Jamrud,SBY-10,CARGILLPIERKRATON,KRI,Semi,510000
Jamrud,SBY-10,CARGILLPIERKRATON,KRI,LD,565000
Jamrud,SBY-10,CARGILLPIERKRATON,CGK,Semi,510000
Jamrud,SBY-10,CARGILLPIERKRATON,CGK,LD,565000
Jamrud,SBY-10,CARGILLPIERKRATON,BJP,Semi,510000
Jamrud,SBY-10,CARGILLPIERKRATON,BJP,LD,565000
Jamrud,SBY-10,CASALAND,NHC,Semi,339000
Jamrud,SBY-10,CASALAND,NHC,LD,394000
Jamrud,SBY-10,CASALAND,CSL,Semi,339000
Jamrud,SBY-10,CASALAND,CSL,LD,394000
Jamrud,SBY-10,CJIJOMBANG,CFJ,Semi,555000
Jamrud,SBY-10,CJIJOMBANG,CFJ,LD,600000
Jamrud,SBY-10,CPIKRIAN,CIK,Semi,322000
Jamrud,SBY-10,CPIKRIAN,CIK,LD,377000
Jamrud,SBY-10,CPISPJ,CIS,Semi,276000
Jamrud,SBY-10,CPISPJ,CIS,LD,331000
Jamrud,SBY-10,CPPDUPAK,DPK,Semi,166000
Jamrud,SBY-10,CPPDUPAK,DPK,LD,191000
Jamrud,SBY-10,CPPDUPAK,CPD,Semi,166000
Jamrud,SBY-10,CPPDUPAK,CPD,LD,191000
Jamrud,SBY-10,CPPSPJ,CPS,Semi,276000
Jamrud,SBY-10,CPPSPJ,CPS,LD,331000
Jamrud,SBY-10,DARMOSUGONDO,DSG,Semi,278000
Jamrud,SBY-10,DARMOSUGONDO,DSG,LD,333000
Jamrud,SBY-10,DMCPUNGGING,DMP,Semi,425000
Jamrud,SBY-10,DMCPUNGGING,DMP,LD,479000
Jamrud,SBY-10,EASTHOPENGORO,EHN,Semi,424000
Jamrud,SBY-10,EASTHOPENGORO,EHN,LD,478000
Jamrud,SBY-10,GOLDCOIN,GCM,Semi,176000
Jamrud,SBY-10,GOLDCOIN,GCM,LD,204000
Jamrud,SBY-10,GD.SUBUR,SBK,Semi,322000
Jamrud,SBY-10,GD.SUBUR,SBK,LD,377000
Jamrud,SBY-10,GEDANGAN,BAG,Semi,256000
Jamrud,SBY-10,GEDANGAN,BAG,LD,315000
Jamrud,SBY-10,GEDANGAN,JCG,Semi,256000
Jamrud,SBY-10,GEDANGAN,JCG,LD,315000
Jamrud,SBY-10,GEDANGAN,PPG,Semi,256000
Jamrud,SBY-10,GEDANGAN,PPG,LD,315000
Jamrud,SBY-10,HAIDAKRATON,KRI,Semi,510000
Jamrud,SBY-10,HAIDAKRATON,KRI,LD,565000
Jamrud,SBY-10,S.INDOCHEM,SIK,Semi,339000
Jamrud,SBY-10,S.INDOCHEM,SIK,LD,394000
Jamrud,SBY-10,KALIMAS,KMS,Semi,77000
Jamrud,SBY-10,KALIMAS,KMS,LD,80000
Jamrud,SBY-10,JCIMARGO,JCM,Semi,156000
Jamrud,SBY-10,JCIMARGO,JCM,LD,184000
Jamrud,SBY-10,JCIMARGO,MGP,Semi,156000
Jamrud,SBY-10,JCIMARGO,MGP,LD,184000
Jamrud,SBY-10,JCIMARGO,BTG,Semi,156000
Jamrud,SBY-10,JCIMARGO,BTG,LD,184000
Jamrud,SBY-10,JCIMARGO,CPM,Semi,156000
Jamrud,SBY-10,JCIMARGO,CPM,LD,184000
Jamrud,SBY-10,JCIBUDURAN,JCB,Semi,322000
Jamrud,SBY-10,JCIBUDURAN,JCB,LD,377000
Jamrud,SBY-10,JCIBUDURAN,JPB,Semi,322000
Jamrud,SBY-10,JCIBUDURAN,JPB,LD,377000
Jamrud,SBY-10,JCIBUDURAN,JCS,Semi,322000
Jamrud,SBY-10,JCIBUDURAN,JCS,LD,377000
Jamrud,SBY-10,JCIGEDANGAN,JCG,Semi,322000
Jamrud,SBY-10,JCIGEDANGAN,JCG,LD,377000
Jamrud,SBY-10,KIG,KGG,Semi,324000
Jamrud,SBY-10,KIG,KGG,LD,379000
Jamrud,SBY-10,MALINDO,MAL,Semi,359000
Jamrud,SBY-10,MALINDO,MAL,LD,414000
Jamrud,SBY-10,MALINDO,MWA,Semi,359000
Jamrud,SBY-10,MALINDO,MWA,LD,414000
Jamrud,SBY-10,MALINDO,MLD,Semi,359000
Jamrud,SBY-10,MALINDO,MLD,LD,414000
Jamrud,SBY-10,MALINDO,MLG,Semi,359000
Jamrud,SBY-10,MALINDO,MLG,LD,414000
Jamrud,SBY-10,MARGO20,JCM,Semi,156000
Jamrud,SBY-10,MARGO20,JCM,LD,184000
Jamrud,SBY-10,MARGO20,MGP,Semi,156000
Jamrud,SBY-10,MARGO20,MGP,LD,184000
Jamrud,SBY-10,MARGO20,BTG,Semi,156000
Jamrud,SBY-10,MARGO20,BTG,LD,184000
Jamrud,SBY-10,MARGO20,CPM,Semi,156000
Jamrud,SBY-10,MARGO20,CPM,LD,184000
Jamrud,SBY-10,MARGO61,JCM,Semi,156000
Jamrud,SBY-10,MARGO61,JCM,LD,184000
Jamrud,SBY-10,MARGO61,MGP,Semi,156000
Jamrud,SBY-10,MARGO61,MGP,LD,184000
Jamrud,SBY-10,MARGO61,BTG,Semi,156000
Jamrud,SBY-10,MARGO61,BTG,LD,184000
Jamrud,SBY-10,MARGO61,CPM,Semi,156000
Jamrud,SBY-10,MARGO61,CPM,LD,184000
Jamrud,SBY-10,MARGOINDAH,JCM,Semi,156000
Jamrud,SBY-10,MARGOINDAH,JCM,LD,184000
Jamrud,SBY-10,MARGOINDAH,MGP,Semi,156000
Jamrud,SBY-10,MARGOINDAH,MGP,LD,184000
Jamrud,SBY-10,MARGOINDAH,BTG,Semi,156000
Jamrud,SBY-10,MARGOINDAH,BTG,LD,184000
Jamrud,SBY-10,MARGOINDAH,CPM,Semi,156000
Jamrud,SBY-10,MARGOINDAH,CPM,LD,184000
Jamrud,SBY-10,MPJSJOMBANG,MPJ,Semi,770000
Jamrud,SBY-10,MPJSJOMBANG,MPJ,LD,815000
Jamrud,SBY-10,MSGEMPOL,HIG,Semi,420000
Jamrud,SBY-10,MSGEMPOL,HIG,LD,474000
Jamrud,SBY-10,MSGEMPOL,MSG,Semi,420000
Jamrud,SBY-10,MSGEMPOL,MSG,LD,474000
Jamrud,SBY-10,MSMARGO,JCM,Semi,156000
Jamrud,SBY-10,MSMARGO,JCM,LD,184000
Jamrud,SBY-10,MSMARGO,MGP,Semi,156000
Jamrud,SBY-10,MSMARGO,MGP,LD,184000
Jamrud,SBY-10,MSMARGO,BTG,Semi,156000
Jamrud,SBY-10,MSMARGO,BTG,LD,184000
Jamrud,SBY-10,MSMARGO,CPM,Semi,156000
Jamrud,SBY-10,MSMARGO,CPM,LD,184000
Jamrud,SBY-10,MURTI,MJA,Semi,258000
Jamrud,SBY-10,MURTI,MJA,LD,317000
Jamrud,SBY-10,MURTI,MUR,Semi,258000
Jamrud,SBY-10,MURTI,MUR,LD,317000
Jamrud,SBY-10,NEWHOPEKLETEK,NHJ,Semi,276000
Jamrud,SBY-10,NEWHOPEKLETEK,NHJ,LD,331000
Jamrud,SBY-10,NEWHOPEKLETEK,NHK,Semi,276000
Jamrud,SBY-10,NEWHOPEKLETEK,NHK,LD,331000
Jamrud,SBY-10,NEWHOPEMOJOSARI,NHM,Semi,424000
Jamrud,SBY-10,NEWHOPEMOJOSARI,NHM,LD,478000
Jamrud,SBY-10,NEWHOPEMOJOSARI,PFN,Semi,424000
Jamrud,SBY-10,NEWHOPEMOJOSARI,PFN,LD,478000
Jamrud,SBY-10,PAKINDO,PKJ,Semi,276000
Jamrud,SBY-10,PAKINDO,PKJ,LD,331000
Jamrud,SBY-10,PAKINDO,PKD,Semi,276000
Jamrud,SBY-10,PAKINDO,PKD,LD,331000
Jamrud,SBY-10,PANDAAN,PPD,Semi,420000
Jamrud,SBY-10,PANDAAN,PPD,LD,474000
Jamrud,SBY-10,PAREKEDIRI,PRM,Semi,1000000
Jamrud,SBY-10,PAREKEDIRI,PRM,LD,1075000
Jamrud,SBY-10,PAREKEDIRI,PPM,Semi,1000000
Jamrud,SBY-10,PAREKEDIRI,PPM,LD,1075000
Jamrud,SBY-10,GD.ROMO,RMK,Semi,258000
Jamrud,SBY-10,GD.ROMO,RMK,LD,317000
Jamrud,SBY-10,S.UNIGRAIN,SUI,Semi,322000
Jamrud,SBY-10,S.UNIGRAIN,SUI,LD,377000
Jamrud,SBY-10,SEGER,SEG,Semi,359000
Jamrud,SBY-10,SEGER,SEG,LD,414000
Jamrud,SBY-10,SEGER,SGR,Semi,359000
Jamrud,SBY-10,SEGER,SGR,LD,414000
Jamrud,SBY-10,SIANTARTOP,STT,Semi,307000
Jamrud,SBY-10,SIANTARTOP,STT,LD,362000
Jamrud,SBY-10,SIANTARTOP,STA,Semi,307000
Jamrud,SBY-10,SIANTARTOP,STA,LD,362000
Jamrud,SBY-10,SPC,SPT,Semi,322000
Jamrud,SBY-10,SPC,SPT,LD,377000
Jamrud,SBY-10,SREEYA,SRW,Semi,339000
Jamrud,SBY-10,SREEYA,SRW,LD,394000
Jamrud,SBY-10,SREEYA,SID,Semi,339000
Jamrud,SBY-10,SREEYA,SID,LD,394000
Jamrud,SBY-10,SREEYA,SYS,Semi,339000
Jamrud,SBY-10,SREEYA,SYS,LD,394000
Jamrud,SBY-10,STPMANYAR,STM,Semi,324000
Jamrud,SBY-10,STPMANYAR,STM,LD,379000
Jamrud,SBY-10,STPMANYAR,MYG,Semi,324000
Jamrud,SBY-10,STPMANYAR,MYG,LD,379000
Jamrud,SBY-10,SURYAGRAIN,,Semi,322000
Jamrud,SBY-10,SURYAGRAIN,,LD,377000
Jamrud,SBY-10,TAMBAKSAWAH,GTS,Semi,307000
Jamrud,SBY-10,TAMBAKSAWAH,GTS,LD,362000
Jamrud,SBY-10,TAMBAKSAWAH,TSW,Semi,307000
Jamrud,SBY-10,TAMBAKSAWAH,TSW,LD,362000
Jamrud,SBY-10,TANJUNGBATU,TGB,Semi,100000
Jamrud,SBY-10,TANJUNGBATU,TGB,LD,107000
Jamrud,SBY-10,TAMBAKLANGON16,TBL,Semi,176000
Jamrud,SBY-10,TAMBAKLANGON16,TBL,LD,204000
Jamrud,SBY-10,TAMBAKLANGON22,TBL,Semi,156000
Jamrud,SBY-10,TAMBAKLANGON22,TBL,LD,184000
Jamrud,SBY-10,TAMBAKLANGON28,TBL,Semi,156000
Jamrud,SBY-10,TAMBAKLANGON28,TBL,LD,184000
Jamrud,SBY-10,WARUGUNUNG,SWG,Semi,251000
Jamrud,SBY-10,WARUGUNUNG,SWG,LD,310000
Jamrud,SBY-10,WIRIFANGORO,WNM,Semi,424000
Jamrud,SBY-10,WIRIFANGORO,WNM,LD,478000
Jamrud,SBY-10,WONOKOYO,WKG,Semi,420000
Jamrud,SBY-10,WONOKOYO,WKG,LD,474000
Jamrud,SBY-10,WONOKOYO,IKS,Semi,420000
Jamrud,SBY-10,WONOKOYO,IKS,LD,474000
Jamrud,SBY-10,WONOKOYO,WKY,Semi,420000
Jamrud,SBY-10,WONOKOYO,WKY,LD,474000
TelukLamong,SBY-07,TTL-ABBASPJ,CWS,Semi,354000
TelukLamong,SBY-07,TTL-ABBASPJ,CWS,LD,409000
TelukLamong,SBY-07,TTL-BLITAR,SKR,Semi,1325000
TelukLamong,SBY-07,TTL-BLITAR,SKR,LD,1400000
TelukLamong,SBY-07,TTL-BLITAR,QLB,Semi,1325000
TelukLamong,SBY-07,TTL-BLITAR,QLB,LD,1400000
TelukLamong,SBY-07,TTL-BLITAR,WDR,Semi,1325000
TelukLamong,SBY-07,TTL-BLITAR,WDR,LD,1400000
TelukLamong,SBY-07,TTL-BLITAR,GFB,Semi,1325000
TelukLamong,SBY-07,TTL-BLITAR,GFB,LD,1400000
TelukLamong,SBY-07,TTL-BLITAR,SMB,Semi,1325000
TelukLamong,SBY-07,TTL-BLITAR,SMB,LD,1400000
TelukLamong,SBY-07,TTL-CARGILLBEJI,BBB,Semi,498000
TelukLamong,SBY-07,TTL-CARGILLBEJI,BBB,LD,552000
TelukLamong,SBY-07,TTL-CARGILLBEJI,CGB,Semi,498000
TelukLamong,SBY-07,TTL-CARGILLBEJI,CGB,LD,552000
TelukLamong,SBY-07,TTL-CARGILLPIERKRATON,KRI,Semi,588000
TelukLamong,SBY-07,TTL-CARGILLPIERKRATON,KRI,LD,643000
TelukLamong,SBY-07,TTL-CARGILLPIERKRATON,CGK,Semi,588000
TelukLamong,SBY-07,TTL-CARGILLPIERKRATON,CGK,LD,643000
TelukLamong,SBY-07,TTL-CARGILLPIERKRATON,BJP,Semi,588000
TelukLamong,SBY-07,TTL-CARGILLPIERKRATON,BJP,LD,643000
TelukLamong,SBY-07,TTL-CASALAND,NHC,Semi,417000
TelukLamong,SBY-07,TTL-CASALAND,NHC,LD,472000
TelukLamong,SBY-07,TTL-CASALAND,CSL,Semi,417000
TelukLamong,SBY-07,TTL-CASALAND,CSL,LD,472000
TelukLamong,SBY-07,TTL-CJIJOMBANG,CFJ,Semi,633000
TelukLamong,SBY-07,TTL-CJIJOMBANG,CFJ,LD,678000
TelukLamong,SBY-07,TTL-CPIKRIAN,CIK,Semi,400000
TelukLamong,SBY-07,TTL-CPIKRIAN,CIK,LD,455000
TelukLamong,SBY-07,TTL-CPISPJ,CIS,Semi,354000
TelukLamong,SBY-07,TTL-CPISPJ,CIS,LD,409000
TelukLamong,SBY-07,TTL-CPPDUPAK,DPK,Semi,169000
TelukLamong,SBY-07,TTL-CPPDUPAK,DPK,LD,194000
TelukLamong,SBY-07,TTL-CPPDUPAK,CPD,Semi,169000
TelukLamong,SBY-07,TTL-CPPDUPAK,CPD,LD,194000
TelukLamong,SBY-07,TTL-CPPSPJ,CPS,Semi,354000
TelukLamong,SBY-07,TTL-CPPSPJ,CPS,LD,409000
TelukLamong,SBY-07,TTL-DARMOSUGONDO,DSG,Semi,185000
TelukLamong,SBY-07,TTL-DARMOSUGONDO,DSG,LD,210000
TelukLamong,SBY-07,TTL-DMCPUNGGING,DMP,Semi,503000
TelukLamong,SBY-07,TTL-DMCPUNGGING,DMP,LD,557000
TelukLamong,SBY-07,TTL-EASTHOPENGORO,EHN,Semi,502000
TelukLamong,SBY-07,TTL-EASTHOPENGORO,EHN,LD,556000
TelukLamong,SBY-07,TTL-GD.SUBUR,SBK,Semi,400000
TelukLamong,SBY-07,TTL-GD.SUBUR,SBK,LD,455000
TelukLamong,SBY-07,TTL-GOLDCOIN,GCM,Semi,176000
TelukLamong,SBY-07,TTL-GOLDCOIN,GCM,LD,204000
TelukLamong,SBY-07,TTL-GEDANGAN,BAG,Semi,334000
TelukLamong,SBY-07,TTL-GEDANGAN,BAG,LD,393000
TelukLamong,SBY-07,TTL-GEDANGAN,JCG,Semi,334000
TelukLamong,SBY-07,TTL-GEDANGAN,JCG,LD,393000
TelukLamong,SBY-07,TTL-GEDANGAN,CFK,Semi,334000
TelukLamong,SBY-07,TTL-GEDANGAN,CFK,LD,393000
TelukLamong,SBY-07,TTL-GEDANGAN,PPG,Semi,334000
TelukLamong,SBY-07,TTL-GEDANGAN,PPG,LD,393000
TelukLamong,SBY-07,TTL-HAIDAKRATON,KRI,Semi,588000
TelukLamong,SBY-07,TTL-HAIDAKRATON,KRI,LD,643000
TelukLamong,SBY-07,TTL-S.INDOCHEM,SIK,Semi,417000
TelukLamong,SBY-07,TTL-S.INDOCHEM,SIK,LD,472000
TelukLamong,SBY-07,TTL-JCIMARGO,JCM,Semi,160000
TelukLamong,SBY-07,TTL-JCIMARGO,JCM,LD,188000
TelukLamong,SBY-07,TTL-JCIMARGO,MGP,Semi,160000
TelukLamong,SBY-07,TTL-JCIMARGO,MGP,LD,188000
TelukLamong,SBY-07,TTL-JCIMARGO,BTG,Semi,160000
TelukLamong,SBY-07,TTL-JCIMARGO,BTG,LD,188000
TelukLamong,SBY-07,TTL-JCIMARGO,CPM,Semi,160000
TelukLamong,SBY-07,TTL-JCIMARGO,CPM,LD,188000
TelukLamong,SBY-07,TTL-JCIBUDURAN,JCB,Semi,400000
TelukLamong,SBY-07,TTL-JCIBUDURAN,JCB,LD,455000
TelukLamong,SBY-07,TTL-JCIBUDURAN,JPB,Semi,400000
TelukLamong,SBY-07,TTL-JCIBUDURAN,JPB,LD,455000
TelukLamong,SBY-07,TTL-JCIBUDURAN,JCS,Semi,400000
TelukLamong,SBY-07,TTL-JCIBUDURAN,JCS,LD,455000
TelukLamong,SBY-07,TTL-KEDAMEAN(GARDA),,Semi,437000
TelukLamong,SBY-07,TTL-KEDAMEAN(GARDA),,LD,492000
TelukLamong,SBY-07,TTL-KIG,KGG,Semi,300000
TelukLamong,SBY-07,TTL-KIG,KGG,LD,360000
TelukLamong,SBY-07,TTL-MALINDO,MAL,Semi,437000
TelukLamong,SBY-07,TTL-MALINDO,MAL,LD,492000
TelukLamong,SBY-07,TTL-MALINDO,MWA,Semi,437000
TelukLamong,SBY-07,TTL-MALINDO,MWA,LD,492000
TelukLamong,SBY-07,TTL-MALINDO,MLD,Semi,437000
TelukLamong,SBY-07,TTL-MALINDO,MLD,LD,492000
TelukLamong,SBY-07,TTL-MALINDO,MLG,Semi,437000
TelukLamong,SBY-07,TTL-MALINDO,MLG,LD,492000
TelukLamong,SBY-07,TTL-MARGO20,JCM,Semi,156000
TelukLamong,SBY-07,TTL-MARGO20,JCM,LD,184000
TelukLamong,SBY-07,TTL-MARGO20,MGP,Semi,156000
TelukLamong,SBY-07,TTL-MARGO20,MGP,LD,184000
TelukLamong,SBY-07,TTL-MARGO20,BTG,Semi,156000
TelukLamong,SBY-07,TTL-MARGO20,BTG,LD,184000
TelukLamong,SBY-07,TTL-MARGO20,CPM,Semi,156000
TelukLamong,SBY-07,TTL-MARGO20,CPM,LD,184000
TelukLamong,SBY-07,TTL-MARGO61,JCM,Semi,156000
TelukLamong,SBY-07,TTL-MARGO61,JCM,LD,184000
TelukLamong,SBY-07,TTL-MARGO61,MGP,Semi,156000
TelukLamong,SBY-07,TTL-MARGO61,MGP,LD,184000
TelukLamong,SBY-07,TTL-MARGO61,BTG,Semi,156000
TelukLamong,SBY-07,TTL-MARGO61,BTG,LD,184000
TelukLamong,SBY-07,TTL-MARGO61,CPM,Semi,156000
TelukLamong,SBY-07,TTL-MARGO61,CPM,LD,184000
TelukLamong,SBY-07,TTL-MARGOINDAH,JCM,Semi,156000
TelukLamong,SBY-07,TTL-MARGOINDAH,JCM,LD,184000
TelukLamong,SBY-07,TTL-MARGOINDAH,MGP,Semi,156000
TelukLamong,SBY-07,TTL-MARGOINDAH,MGP,LD,184000
TelukLamong,SBY-07,TTL-MARGOINDAH,BTG,Semi,156000
TelukLamong,SBY-07,TTL-MARGOINDAH,BTG,LD,184000
TelukLamong,SBY-07,TTL-MARGOINDAH,CPM,Semi,156000
TelukLamong,SBY-07,TTL-MARGOINDAH,CPM,LD,184000
TelukLamong,SBY-07,TTL-MARGOPERMAI,MGP,Semi,176000
TelukLamong,SBY-07,TTL-MARGOPERMAI,MGP,LD,204000
TelukLamong,SBY-07,TTL-MPJSJOMBANG,MPJ,Semi,848000
TelukLamong,SBY-07,TTL-MPJSJOMBANG,MPJ,LD,893000
TelukLamong,SBY-07,TTL-MSGEMPOL,HIG,Semi,498000
TelukLamong,SBY-07,TTL-MSGEMPOL,HIG,LD,552000
TelukLamong,SBY-07,TTL-MSGEMPOL,MSG,Semi,498000
TelukLamong,SBY-07,TTL-MSGEMPOL,MSG,LD,552000
TelukLamong,SBY-07,TTL-MSMARGO,JCM,Semi,156000
TelukLamong,SBY-07,TTL-MSMARGO,JCM,LD,184000
TelukLamong,SBY-07,TTL-MSMARGO,MGP,Semi,156000
TelukLamong,SBY-07,TTL-MSMARGO,MGP,LD,184000
TelukLamong,SBY-07,TTL-MSMARGO,BTG,Semi,156000
TelukLamong,SBY-07,TTL-MSMARGO,BTG,LD,184000
TelukLamong,SBY-07,TTL-MSMARGO,CPM,Semi,156000
TelukLamong,SBY-07,TTL-MSMARGO,CPM,LD,184000
TelukLamong,SBY-07,TTL-MURTI,MJA,Semi,185000
TelukLamong,SBY-07,TTL-MURTI,MJA,LD,210000
TelukLamong,SBY-07,TTL-MURTI,MUR,Semi,185000
TelukLamong,SBY-07,TTL-MURTI,MUR,LD,210000
TelukLamong,SBY-07,TTL-NEWHOPEKLETEK,NHJ,Semi,354000
TelukLamong,SBY-07,TTL-NEWHOPEKLETEK,NHJ,LD,409000
TelukLamong,SBY-07,TTL-NEWHOPEKLETEK,NHK,Semi,354000
TelukLamong,SBY-07,TTL-NEWHOPEKLETEK,NHK,LD,409000
TelukLamong,SBY-07,TTL-NEWHOPEMOJOSARI,NHM,Semi,502000
TelukLamong,SBY-07,TTL-NEWHOPEMOJOSARI,NHM,LD,556000
TelukLamong,SBY-07,TTL-NEWHOPEMOJOSARI,PFN,Semi,502000
TelukLamong,SBY-07,TTL-NEWHOPEMOJOSARI,PFN,LD,556000
TelukLamong,SBY-07,TTL-PAKINDO,PKJ,Semi,354000
TelukLamong,SBY-07,TTL-PAKINDO,PKJ,LD,409000
TelukLamong,SBY-07,TTL-PAKINDO,PKD,Semi,354000
TelukLamong,SBY-07,TTL-PAKINDO,PKD,LD,409000
TelukLamong,SBY-07,TTL-PANDAAN,PPD,Semi,498000
TelukLamong,SBY-07,TTL-PANDAAN,PPD,LD,552000
TelukLamong,SBY-07,TTL-PAREKEDIRI,PRM,Semi,1083000
TelukLamong,SBY-07,TTL-PAREKEDIRI,PRM,LD,1158000
TelukLamong,SBY-07,TTL-PAREKEDIRI,PPM,Semi,1083000
TelukLamong,SBY-07,TTL-PAREKEDIRI,PPM,LD,1158000
TelukLamong,SBY-07,TTL-GD.ROMO,RMK,Semi,145000
TelukLamong,SBY-07,TTL-GD.ROMO,RMK,LD,170000
TelukLamong,SBY-07,TTL-S.UNIGRAIN,SUK,Semi,400000
TelukLamong,SBY-07,TTL-S.UNIGRAIN,SUK,LD,455000
TelukLamong,SBY-07,TTL-S.UNIGRAIN,SUI,Semi,400000
TelukLamong,SBY-07,TTL-S.UNIGRAIN,SUI,LD,455000
TelukLamong,SBY-07,TTL-SEGER,SEG,Semi,437000
TelukLamong,SBY-07,TTL-SEGER,SEG,LD,492000
TelukLamong,SBY-07,TTL-SEGER,SGR,Semi,437000
TelukLamong,SBY-07,TTL-SEGER,SGR,LD,492000
TelukLamong,SBY-07,TTL-SIANTARTOP,STT,Semi,385000
TelukLamong,SBY-07,TTL-SIANTARTOP,STT,LD,440000
TelukLamong,SBY-07,TTL-SIANTARTOP,STA,Semi,385000
TelukLamong,SBY-07,TTL-SIANTARTOP,STA,LD,440000
TelukLamong,SBY-07,TTL-SPC,SPT,Semi,400000
TelukLamong,SBY-07,TTL-SPC,SPT,LD,455000
TelukLamong,SBY-07,TTL-SREEYA,SRW,Semi,417000
TelukLamong,SBY-07,TTL-SREEYA,SRW,LD,472000
TelukLamong,SBY-07,TTL-SREEYA,SID,Semi,417000
TelukLamong,SBY-07,TTL-SREEYA,SID,LD,472000
TelukLamong,SBY-07,TTL-SREEYA,SYS,Semi,417000
TelukLamong,SBY-07,TTL-SREEYA,SYS,LD,472000
TelukLamong,SBY-07,TTL-STPMANYAR,STM,Semi,261000
TelukLamong,SBY-07,TTL-STPMANYAR,STM,LD,320000
TelukLamong,SBY-07,TTL-STPMANYAR,MYG,Semi,261000
TelukLamong,SBY-07,TTL-STPMANYAR,MYG,LD,320000
TelukLamong,SBY-07,TTL-SURYAGRAIN,,Semi,400000
TelukLamong,SBY-07,TTL-SURYAGRAIN,,LD,455000
TelukLamong,SBY-07,TTL-TAMBAKSAWAH,GTS,Semi,385000
TelukLamong,SBY-07,TTL-TAMBAKSAWAH,GTS,LD,440000
TelukLamong,SBY-07,TTL-TAMBAKSAWAH,TSW,Semi,385000
TelukLamong,SBY-07,TTL-TAMBAKSAWAH,TSW,LD,440000
TelukLamong,SBY-07,TTL-TANJUNGBATU,TGB,Semi,254000
TelukLamong,SBY-07,TTL-TANJUNGBATU,TGB,LD,313000
TelukLamong,SBY-07,TTL-TAMBAKLANGON16,TBL,Semi,123000
TelukLamong,SBY-07,TTL-TAMBAKLANGON16,TBL,LD,130000
TelukLamong,SBY-07,TTL-TAMBAKLANGON22,TBL,Semi,123000
TelukLamong,SBY-07,TTL-TAMBAKLANGON22,TBL,LD,130000
TelukLamong,SBY-07,TTL-TAMBAKLANGON28,TBL,Semi,123000
TelukLamong,SBY-07,TTL-TAMBAKLANGON28,TBL,LD,130000
TelukLamong,SBY-07,TTL-TULUS(SUGONDO),,Semi,185000
TelukLamong,SBY-07,TTL-TULUS(SUGONDO),,LD,210000
TelukLamong,SBY-07,TTL-WIRIFANGORO,WSN,Semi,502000
TelukLamong,SBY-07,TTL-WIRIFANGORO,WSN,LD,556000
TelukLamong,SBY-07,TTL-WONOKOYO,WKG,Semi,498000
TelukLamong,SBY-07,TTL-WONOKOYO,WKG,LD,552000
TelukLamong,SBY-07,TTL-WONOKOYO,IKS,Semi,498000
TelukLamong,SBY-07,TTL-WONOKOYO,IKS,LD,552000
TelukLamong,SBY-07,TTL-WONOKOYO,WKY,Semi,498000
TelukLamong,SBY-07,TTL-WONOKOYO,WKY,LD,552000
TelukLamong,SBY-07,TTL-WONOKOYO,IKS,Semi,498000
TelukLamong,SBY-07,TTL-WONOKOYO,IKS,LD,552000
TelukLamong,SBY-07,TTL-WONOKOYO,WKY,Semi,498000
TelukLamong,SBY-07,TTL-WONOKOYO,WKY,LD,552000
Romokalisari,SBY-02,ROMO-BERSIHBIJAK(GEMPOL),HIG,Semi,502000
Romokalisari,SBY-02,ROMO-BERSIHBIJAK(GEMPOL),HIG,LD,556000
Romokalisari,SBY-02,ROMO-BERSIHBIJAK(GEMPOL),MSG,Semi,502000
Romokalisari,SBY-02,ROMO-BERSIHBIJAK(GEMPOL),MSG,LD,556000
Romokalisari,SBY-02,ROMO-BLITAR,SKR,Semi,1337000
Romokalisari,SBY-02,ROMO-BLITAR,SKR,LD,1412000
Romokalisari,SBY-02,ROMO-BLITAR,QLB,Semi,1337000
Romokalisari,SBY-02,ROMO-BLITAR,QLB,LD,1412000
Romokalisari,SBY-02,ROMO-BLITAR,WDR,Semi,1337000
Romokalisari,SBY-02,ROMO-BLITAR,WDR,LD,1412000
Romokalisari,SBY-02,ROMO-BLITAR,GFB,Semi,1337000
Romokalisari,SBY-02,ROMO-BLITAR,GFB,LD,1412000
Romokalisari,SBY-02,ROMO-BLITAR,SMB,Semi,1337000
Romokalisari,SBY-02,ROMO-BLITAR,SMB,LD,1412000
Romokalisari,SBY-02,ROMO-CARGILLBEJI,BBB,Semi,502000
Romokalisari,SBY-02,ROMO-CARGILLBEJI,BBB,LD,556000
Romokalisari,SBY-02,ROMO-CARGILLBEJI,CGB,Semi,502000
Romokalisari,SBY-02,ROMO-CARGILLBEJI,CGB,LD,556000
Romokalisari,SBY-02,ROMO-CARGILLPIERKRATON,KRI,Semi,592000
Romokalisari,SBY-02,ROMO-CARGILLPIERKRATON,KRI,LD,647000
Romokalisari,SBY-02,ROMO-CARGILLPIERKRATON,CGK,Semi,592000
Romokalisari,SBY-02,ROMO-CARGILLPIERKRATON,CGK,LD,647000
Romokalisari,SBY-02,ROMO-CARGILLPIERKRATON,BJP,Semi,592000
Romokalisari,SBY-02,ROMO-CARGILLPIERKRATON,BJP,LD,647000
Romokalisari,SBY-02,ROMO-CASALAND,NHC,Semi,421000
Romokalisari,SBY-02,ROMO-CASALAND,NHC,LD,476000
Romokalisari,SBY-02,ROMO-CASALAND,CSL,Semi,421000
Romokalisari,SBY-02,ROMO-CASALAND,CSL,LD,476000
Romokalisari,SBY-02,ROMO-CJIJOMBANG,CFJ,Semi,637000
Romokalisari,SBY-02,ROMO-CJIJOMBANG,CFJ,LD,682000
Romokalisari,SBY-02,ROMO-CPIKRIAN,CIK,Semi,404000
Romokalisari,SBY-02,ROMO-CPIKRIAN,CIK,LD,459000
Romokalisari,SBY-02,ROMO-CPISPJ,CIS,Semi,358000
Romokalisari,SBY-02,ROMO-CPISPJ,CIS,LD,413000
Romokalisari,SBY-02,ROMO-CPPDUPAK,DPK,Semi,258000
Romokalisari,SBY-02,ROMO-CPPDUPAK,DPK,LD,317000
Romokalisari,SBY-02,ROMO-CPPDUPAK,CPD,Semi,258000
Romokalisari,SBY-02,ROMO-CPPDUPAK,CPD,LD,317000
Romokalisari,SBY-02,ROMO-CPPSPJ,CPS,Semi,358000
Romokalisari,SBY-02,ROMO-CPPSPJ,CPS,LD,413000
Romokalisari,SBY-02,ROMO-DARMOSUGONDO,DSG,Semi,145000
Romokalisari,SBY-02,ROMO-DARMOSUGONDO,DSG,LD,170000
Romokalisari,SBY-02,ROMO-DMCPUNGGING,DMP,Semi,507000
Romokalisari,SBY-02,ROMO-DMCPUNGGING,DMP,LD,561000
Romokalisari,SBY-02,ROMO-GOLDCOIN,GCM,Semi,176000
Romokalisari,SBY-02,ROMO-GOLDCOIN,GCM,LD,204000
Romokalisari,SBY-02,ROMO-GEDANGAN,BAG,Semi,338000
Romokalisari,SBY-02,ROMO-GEDANGAN,BAG,LD,397000
Romokalisari,SBY-02,ROMO-GEDANGAN,JCG,Semi,338000
Romokalisari,SBY-02,ROMO-GEDANGAN,JCG,LD,397000
Romokalisari,SBY-02,ROMO-GEDANGAN,CFK,Semi,338000
Romokalisari,SBY-02,ROMO-GEDANGAN,CFK,LD,397000
Romokalisari,SBY-02,ROMO-GEDANGAN,PPG,Semi,338000
Romokalisari,SBY-02,ROMO-GEDANGAN,PPG,LD,397000
Romokalisari,SBY-02,ROMO-HJILYAS(GEMPOL),HIG,Semi,502000
Romokalisari,SBY-02,ROMO-HJILYAS(GEMPOL),HIG,LD,556000
Romokalisari,SBY-02,ROMO-HJILYAS(GEMPOL),MSG,Semi,502000
Romokalisari,SBY-02,ROMO-HJILYAS(GEMPOL),MSG,LD,556000
Romokalisari,SBY-02,ROMO-HAIDAKRATON,KRI,Semi,592000
Romokalisari,SBY-02,ROMO-HAIDAKRATON,KRI,LD,647000
Romokalisari,SBY-02,ROMO-S.INDOCHEM,SIK,Semi,421000
Romokalisari,SBY-02,ROMO-S.INDOCHEM,SIK,LD,476000
Romokalisari,SBY-02,ROMO-EASTHOPENGORO,EHN,Semi,506000
Romokalisari,SBY-02,ROMO-EASTHOPENGORO,EHN,LD,560000
Romokalisari,SBY-02,ROMO-JCIBUDURAN,JCB,Semi,404000
Romokalisari,SBY-02,ROMO-JCIBUDURAN,JCB,LD,459000
Romokalisari,SBY-02,ROMO-JCIBUDURAN,JPB,Semi,404000
Romokalisari,SBY-02,ROMO-JCIBUDURAN,JPB,LD,459000
Romokalisari,SBY-02,ROMO-JCIBUDURAN,JCS,Semi,404000
Romokalisari,SBY-02,ROMO-JCIBUDURAN,JCS,LD,459000
Romokalisari,SBY-02,ROMO-JCIBUDURAN,JPB,Semi,404000
Romokalisari,SBY-02,ROMO-JCIBUDURAN,JPB,LD,459000
Romokalisari,SBY-02,ROMO-JCIBUDURAN,JCS,Semi,404000
Romokalisari,SBY-02,ROMO-JCIBUDURAN,JCS,LD,459000
Romokalisari,SBY-02,ROMO-JCIGEDANGAN,BAG,Semi,404000
Romokalisari,SBY-02,ROMO-JCIGEDANGAN,BAG,LD,459000
Romokalisari,SBY-02,ROMO-JCIGEDANGAN,JCG,Semi,404000
Romokalisari,SBY-02,ROMO-JCIGEDANGAN,JCG,LD,459000
Romokalisari,SBY-02,ROMO-JCIGEDANGAN,CFK,Semi,404000
Romokalisari,SBY-02,ROMO-JCIGEDANGAN,CFK,LD,459000
Romokalisari,SBY-02,ROMO-JCIGEDANGAN,PPG,Semi,404000
Romokalisari,SBY-02,ROMO-JCIGEDANGAN,PPG,LD,459000
Romokalisari,SBY-02,ROMO-MALINDO,MAL,Semi,441000
Romokalisari,SBY-02,ROMO-MALINDO,MAL,LD,496000
Romokalisari,SBY-02,ROMO-MALINDO,MWA,Semi,441000
Romokalisari,SBY-02,ROMO-MALINDO,MWA,LD,496000
Romokalisari,SBY-02,ROMO-MALINDO,MLD,Semi,441000
Romokalisari,SBY-02,ROMO-MALINDO,MLD,LD,496000
Romokalisari,SBY-02,ROMO-MALINDO,MLG,Semi,441000
Romokalisari,SBY-02,ROMO-MALINDO,MLG,LD,496000
Romokalisari,SBY-02,ROMO-MARGO20,JCM,Semi,156000
Romokalisari,SBY-02,ROMO-MARGO20,JCM,LD,184000
Romokalisari,SBY-02,ROMO-MARGO20,MGP,Semi,156000
Romokalisari,SBY-02,ROMO-MARGO20,MGP,LD,184000
Romokalisari,SBY-02,ROMO-MARGO20,BTG,Semi,156000
Romokalisari,SBY-02,ROMO-MARGO20,BTG,LD,184000
Romokalisari,SBY-02,ROMO-MARGO20,CPM,Semi,156000
Romokalisari,SBY-02,ROMO-MARGO20,CPM,LD,184000
Romokalisari,SBY-02,ROMO-MARGO20,MGP,Semi,156000
Romokalisari,SBY-02,ROMO-MARGO20,MGP,LD,184000
Romokalisari,SBY-02,ROMO-MARGO20,BTG,Semi,156000
Romokalisari,SBY-02,ROMO-MARGO20,BTG,LD,184000
Romokalisari,SBY-02,ROMO-MARGO20,CPM,Semi,156000
Romokalisari,SBY-02,ROMO-MARGO20,CPM,LD,184000
Romokalisari,SBY-02,ROMO-MARGO61,JCM,Semi,156000
Romokalisari,SBY-02,ROMO-MARGO61,JCM,LD,184000
Romokalisari,SBY-02,ROMO-MARGO61,MGP,Semi,156000
Romokalisari,SBY-02,ROMO-MARGO61,MGP,LD,184000
Romokalisari,SBY-02,ROMO-MARGO61,BTG,Semi,156000
Romokalisari,SBY-02,ROMO-MARGO61,BTG,LD,184000
Romokalisari,SBY-02,ROMO-MARGO61,CPM,Semi,156000
Romokalisari,SBY-02,ROMO-MARGO61,CPM,LD,184000
Romokalisari,SBY-02,ROMO-MARGOINDAH,JCM,Semi,156000
Romokalisari,SBY-02,ROMO-MARGOINDAH,JCM,LD,184000
Romokalisari,SBY-02,ROMO-MARGOINDAH,MGP,Semi,156000
Romokalisari,SBY-02,ROMO-MARGOINDAH,MGP,LD,184000
Romokalisari,SBY-02,ROMO-MARGOINDAH,BTG,Semi,156000
Romokalisari,SBY-02,ROMO-MARGOINDAH,BTG,LD,184000
Romokalisari,SBY-02,ROMO-MARGOINDAH,CPM,Semi,156000
Romokalisari,SBY-02,ROMO-MARGOINDAH,CPM,LD,184000
Romokalisari,SBY-02,ROMO-KIG,KGG,Semi,300000
Romokalisari,SBY-02,ROMO-KIG,KGG,LD,360000
Romokalisari,SBY-02,ROMO-MPJSJOMBANG,MPJ,Semi,852000
Romokalisari,SBY-02,ROMO-MPJSJOMBANG,MPJ,LD,897000
Romokalisari,SBY-02,ROMO-MSGEMPOL,HIG,Semi,502000
Romokalisari,SBY-02,ROMO-MSGEMPOL,HIG,LD,556000
Romokalisari,SBY-02,ROMO-MSGEMPOL,MSG,Semi,502000
Romokalisari,SBY-02,ROMO-MSGEMPOL,MSG,LD,556000
Romokalisari,SBY-02,ROMO-MSMARGO,JCM,Semi,156000
Romokalisari,SBY-02,ROMO-MSMARGO,JCM,LD,184000
Romokalisari,SBY-02,ROMO-MSMARGO,MGP,Semi,156000
Romokalisari,SBY-02,ROMO-MSMARGO,MGP,LD,184000
Romokalisari,SBY-02,ROMO-MSMARGO,BTG,Semi,156000
Romokalisari,SBY-02,ROMO-MSMARGO,BTG,LD,184000
Romokalisari,SBY-02,ROMO-MSMARGO,CPM,Semi,156000
Romokalisari,SBY-02,ROMO-MSMARGO,CPM,LD,184000
Romokalisari,SBY-02,ROMO-MURTI,MJA,Semi,110000
Romokalisari,SBY-02,ROMO-MURTI,MJA,LD,117000
Romokalisari,SBY-02,ROMO-MURTI,MUR,Semi,110000
Romokalisari,SBY-02,ROMO-MURTI,MUR,LD,117000
Romokalisari,SBY-02,ROMO-NEWHOPEKLETEK,NHJ,Semi,358000
Romokalisari,SBY-02,ROMO-NEWHOPEKLETEK,NHJ,LD,413000
Romokalisari,SBY-02,ROMO-NEWHOPEKLETEK,NHK,Semi,358000
Romokalisari,SBY-02,ROMO-NEWHOPEKLETEK,NHK,LD,413000
Romokalisari,SBY-02,ROMO-NEWHOPEMOJOSARI,NHM,Semi,506000
Romokalisari,SBY-02,ROMO-NEWHOPEMOJOSARI,NHM,LD,560000
Romokalisari,SBY-02,ROMO-NEWHOPEMOJOSARI,PFN,Semi,506000
Romokalisari,SBY-02,ROMO-NEWHOPEMOJOSARI,PFN,LD,560000
Romokalisari,SBY-02,ROMO-PAKINDO,PKJ,Semi,358000
Romokalisari,SBY-02,ROMO-PAKINDO,PKJ,LD,413000
Romokalisari,SBY-02,ROMO-PAKINDO,PKD,Semi,358000
Romokalisari,SBY-02,ROMO-PAKINDO,PKD,LD,413000
Romokalisari,SBY-02,ROMO-PANDAAN,PPD,Semi,502000
Romokalisari,SBY-02,ROMO-PANDAAN,PPD,LD,556000
Romokalisari,SBY-02,ROMO-SEGER,SEG,Semi,441000
Romokalisari,SBY-02,ROMO-SEGER,SEG,LD,496000
Romokalisari,SBY-02,ROMO-SEGER,SGR,Semi,441000
Romokalisari,SBY-02,ROMO-SEGER,SGR,LD,496000
Romokalisari,SBY-02,ROMO-SIANTARTOP,STT,Semi,389000
Romokalisari,SBY-02,ROMO-SIANTARTOP,STT,LD,444000
Romokalisari,SBY-02,ROMO-SIANTARTOP,STA,Semi,389000
Romokalisari,SBY-02,ROMO-SIANTARTOP,STA,LD,444000
Romokalisari,SBY-02,ROMO-SREEYA,SRW,Semi,421000
Romokalisari,SBY-02,ROMO-SREEYA,SRW,LD,476000
Romokalisari,SBY-02,ROMO-SREEYA,SID,Semi,421000
Romokalisari,SBY-02,ROMO-SREEYA,SID,LD,476000
Romokalisari,SBY-02,ROMO-SREEYA,SYS,Semi,421000
Romokalisari,SBY-02,ROMO-SREEYA,SYS,LD,476000
Romokalisari,SBY-02,ROMO-SPC,SPT,Semi,404000
Romokalisari,SBY-02,ROMO-SPC,SPT,LD,459000
Romokalisari,SBY-02,ROMO-SURITANIMANYAR,STM,Semi,261000
Romokalisari,SBY-02,ROMO-SURITANIMANYAR,STM,LD,320000
Romokalisari,SBY-02,ROMO-SURITANIMANYAR,MYG,Semi,261000
Romokalisari,SBY-02,ROMO-SURITANIMANYAR,MYG,LD,320000
Romokalisari,SBY-02,SUI,SUK,2EXL,473000
Romokalisari,SBY-02,SUI,SUI,2EXL,473000
Romokalisari,SBY-02,SUI,SUK,3EXL,524000
Romokalisari,SBY-02,SUI,SUI,3EXL,524000
Romokalisari,SBY-02,TAMAN,,2EXL,426000
Romokalisari,SBY-02,TAMAN,,3EXL,473000
Romokalisari,SBY-02,TB,TGB,3EXL,370000
Romokalisari,SBY-02,TB,TGB,2EXL,324000
Romokalisari,SBY-02,TBLANGON,TBL,3EXL,296000
Romokalisari,SBY-02,TBLANGON,TBL,2EXL,271000
Romokalisari,SBY-02,TB.SAWAH,GTS,3EXL,504000
Romokalisari,SBY-02,TB.SAWAH,TSW,3EXL,504000
Romokalisari,SBY-02,TB.SAWAH,GTS,2EXL,457000
Romokalisari,SBY-02,TB.SAWAH,TSW,2EXL,457000
Romokalisari,SBY-02,VIDER,,3EXL,468000
Romokalisari,SBY-02,VIDER,,2EXL,421000
Romokalisari,SBY-02,W.ANOM,SRW,3EXL,569000
Romokalisari,SBY-02,W.ANOM,SID,3EXL,569000
Romokalisari,SBY-02,W.ANOM,SYS,3EXL,569000
Romokalisari,SBY-02,W.ANOM,SRW,2EXL,514000
Romokalisari,SBY-02,W.ANOM,SID,2EXL,514000
Romokalisari,SBY-02,W.ANOM,SYS,2EXL,514000
Romokalisari,SBY-02,W.GUNUNG,SWG,3EXL,450000
Romokalisari,SBY-02,WIRIFA,WNM,2EXL,404000
Romokalisari,SBY-02,WIRIFA,EHN,2EXL,404000
Romokalisari,SBY-02,WIRIFA,WNM,3EXL,633000
Romokalisari,SBY-02,WIRIFA,EHN,3EXL,633000
Romokalisari,SBY-02,WIRIFA,WNM,2EXL,573000
Romokalisari,SBY-02,WIRIFA,EHN,2EXL,573000
Romokalisari,SBY-02,WONOAYU,SRW,3EXL,549000
Romokalisari,SBY-02,WONOAYU,SID,3EXL,549000
Romokalisari,SBY-02,WONOAYU,SYS,3EXL,549000
Romokalisari,SBY-02,WONOAYU,SRW,2EXL,494000
Romokalisari,SBY-02,WONOAYU,SID,2EXL,494000
Romokalisari,SBY-02,WONOAYU,SYS,2EXL,494000
Romokalisari,SBY-02,WONOKOYO,WKG,3EXL,629000
Romokalisari,SBY-02,WONOKOYO,IKS,3EXL,629000
Romokalisari,SBY-02,WONOKOYO,WKY,3EXL,629000
Romokalisari,SBY-02,WONOKOYO,WKG,2EXL,569000
Romokalisari,SBY-02,WONOKOYO,IKS,2EXL,569000
Romokalisari,SBY-02,WONOKOYO,WKY,2EXL,569000
PELABUHAN,SBY-11,SEGER,SEG,3EXL,494000
PELABUHAN,SBY-11,SEGER,SGR,3EXL,494000
PELABUHAN,SBY-11,SEGER,SEG,2EXL,439000
PELABUHAN,SBY-11,SEGER,SGR,2EXL,439000
SEGER,SBY-51,JCISDA,JCB,3EXL,489000
SEGER,SBY-51,JCISDA,JPB,3EXL,489000
SEGER,SBY-51,JCISDA,JCS,3EXL,489000
SEGER,SBY-51,JCISDA,JCB,2EXL,434000
SEGER,SBY-51,JCISDA,JPB,2EXL,434000
SEGER,SBY-51,JCISDA,JCS,2EXL,434000
SIANTAR,SBY-52,MMULYO,JCM,3EXL,424000
SIANTAR,SBY-52,MMULYO,MGP,3EXL,424000
SIANTAR,SBY-52,MMULYO,BTG,3EXL,424000
SIANTAR,SBY-52,MMULYO,CPM,3EXL,424000
SIANTAR,SBY-52,MMULYO,JCM,2EXL,377000
SIANTAR,SBY-52,MMULYO,MGP,2EXL,377000
SIANTAR,SBY-52,MMULYO,BTG,2EXL,377000
SIANTAR,SBY-52,MMULYO,CPM,2EXL,377000
SIANTAR,SBY-52,NEWHOPE,NHJ,3EXL,393000
SIANTAR,SBY-52,NEWHOPE,NHK,3EXL,393000
SIANTAR,SBY-52,NEWHOPE,NHJ,2EXL,346000
SIANTAR,SBY-52,NEWHOPE,NHK,2EXL,346000
SIANTAR,SBY-52,NGORO,WNM,3EXL,553000
SIANTAR,SBY-52,NGORO,EHN,3EXL,553000
SIANTAR,SBY-52,NGORO,WNM,2EXL,493000
SIANTAR,SBY-52,NGORO,EHN,2EXL,493000
SIANTAR,SBY-52,SIERAD,SRW,2EXL,414000
SIANTAR,SBY-52,SIERAD,SID,2EXL,414000
SIANTAR,SBY-52,SIERAD,SYS,2EXL,414000
SIANTAR,SBY-52,SIERAD,SRW,3EXL,469000
SIANTAR,SBY-52,SIERAD,SID,3EXL,469000
SIANTAR,SBY-52,SIERAD,SYS,3EXL,469000
PELABUHAN,SBY-11,SIERAD,SRW,3EXL,474000
PELABUHAN,SBY-11,SIERAD,SID,3EXL,474000
PELABUHAN,SBY-11,SIERAD,SYS,3EXL,474000
PELABUHAN,SBY-11,SIERAD,SRW,2EXL,419000
PELABUHAN,SBY-11,SIERAD,SID,2EXL,419000
PELABUHAN,SBY-11,SIERAD,SYS,2EXL,419000
SORINI,SBY-53,BLITAR,SKR,2EXL,1600000
SORINI,SBY-53,BLITAR,QLB,2EXL,1600000
SORINI,SBY-53,BLITAR,WDR,2EXL,1600000
SORINI,SBY-53,BLITAR,GFB,2EXL,1600000
SORINI,SBY-53,BLITAR,SMB,2EXL,1600000
SORINI,SBY-53,BLITAR,SKR,3EXL,1700000
SORINI,SBY-53,BLITAR,QLB,3EXL,1700000
SORINI,SBY-53,BLITAR,WDR,3EXL,1700000
SORINI,SBY-53,BLITAR,GFB,3EXL,1700000
SORINI,SBY-53,BLITAR,SMB,3EXL,1700000
SORINI,SBY-53,GEROBOKAN,,3EXL,2500000
SORINI,SBY-53,GEROBOKAN,,2EXL,2400000
SORINI,SBY-53,LAWANG,,3EXL,950000
SORINI,SBY-53,LAWANG,,2EXL,850000
SORINI,SBY-53,SINARGEDANGAN,BAG,3EXL,850000
SORINI,SBY-53,SINARGEDANGAN,JCG,3EXL,850000
SORINI,SBY-53,SINARGEDANGAN,CFK,3EXL,850000
SORINI,SBY-53,SINARGEDANGAN,PPG,3EXL,850000
SORINI,SBY-53,SINARGEDANGAN,BAG,2EXL,750000
SORINI,SBY-53,SINARGEDANGAN,JCG,2EXL,750000
SORINI,SBY-53,SINARGEDANGAN,CFK,2EXL,750000
SORINI,SBY-53,SINARGEDANGAN,PPG,2EXL,750000
PELABUHAN,SBY-11,SPCTROSOBO,SPT,3EXL,449000
PELABUHAN,SBY-11,SPCTROSOBO,SPT,2EXL,398000
SPC,SBY-54,P.MANYAR,STM,3EXL,535000
SPC,SBY-54,P.MANYAR,MYG,3EXL,535000
SPC,SBY-54,P.MANYAR,STM,2EXL,483000
SPC,SBY-54,P.MANYAR,MYG,2EXL,483000
SPC,SBY-54,W.KOYORIT1,WKG,3EXL,649000
SPC,SBY-54,W.KOYORIT1,IKS,3EXL,649000
SPC,SBY-54,W.KOYORIT1,WKY,3EXL,649000
SPC,SBY-54,W.KOYORIT1,WKG,2EXL,589000
SPC,SBY-54,W.KOYORIT1,IKS,2EXL,589000
SPC,SBY-54,W.KOYORIT1,WKY,2EXL,589000
SPC,SBY-54,W.KOYORIT2,WKG,2EXL,489000
SPC,SBY-54,W.KOYORIT2,IKS,2EXL,489000
SPC,SBY-54,W.KOYORIT2,WKY,2EXL,489000
SPC,SBY-54,W.KOYORIT2,WKG,3EXL,549000
SPC,SBY-54,W.KOYORIT2,IKS,3EXL,549000
SPC,SBY-54,W.KOYORIT2,WKY,3EXL,549000
SPJ,SBY-55,EASTHOPE,WNM,3EXL,553000
SPJ,SBY-55,EASTHOPE,EHN,3EXL,553000
SPJ,SBY-55,EASTHOPE,WNM,2EXL,493000
SPJ,SBY-55,EASTHOPE,EHN,2EXL,493000
PELABUHAN,SBY-11,SRITI,,2EXL,525000
PELABUHAN,SBY-11,SRITI,,3EXL,585000
SinarUnigrainIndonesia,SBY-09,C.PANDAAN,PPD,2EXL,550000
SinarUnigrainIndonesia,SBY-09,C.PANDAAN,PPD,3EXL,550000
PELABUHAN,SBY-11,SUMARINDO,,3EXL,221000
PELABUHAN,SBY-11,SUMARINDO,,2EXL,196000
PELABUHAN,SBY-11,SUMBERASIA,SAK,2EXL,346000
PELABUHAN,SBY-11,SUMBERASIA,SAK,3EXL,393000
PELABUHAN,SBY-11,SURIMULIA,JCM,2EXL,196000
PELABUHAN,SBY-11,SURIMULIA,MGP,2EXL,196000
PELABUHAN,SBY-11,SURIMULIA,BTG,2EXL,196000
PELABUHAN,SBY-11,SURIMULIA,CPM,2EXL,196000
PELABUHAN,SBY-11,SURIMULIA,JCM,3EXL,221000
PELABUHAN,SBY-11,SURIMULIA,MGP,3EXL,221000
PELABUHAN,SBY-11,SURIMULIA,BTG,3EXL,221000
PELABUHAN,SBY-11,SURIMULIA,CPM,3EXL,221000
PELABUHAN,SBY-11,SUSANTI-SPC,SPT,2EXL,393000
PELABUHAN,SBY-11,SUSANTI-SPC,SPT,3EXL,444000
TelukLamong,SBY-07,AGROFOODMJ.SARI,NHM,3EXL,628000
TelukLamong,SBY-07,AGROFOODMJ.SARI,PFN,3EXL,628000
TelukLamong,SBY-07,AGROFOODMJ.SARI,NHM,2EXL,568000
TelukLamong,SBY-07,AGROFOODMJ.SARI,PFN,2EXL,568000
TelukLamong,SBY-07,C.SORINI,CLS,3EXL,708000
TelukLamong,SBY-07,C.SORINI,CLS,2EXL,658000
TelukLamong,SBY-07,C.SORINI,CLS,OPENTOP,758000
TelukLamong,SBY-07,CARGIL,BBB,3EXL,629000
TelukLamong,SBY-07,CARGIL,CGB,3EXL,629000
TelukLamong,SBY-07,CARGIL,BBB,2EXL,569000
TelukLamong,SBY-07,CARGIL,CGB,2EXL,569000
TelukLamong,SBY-07,CASALAND,NHC,2EXL,494000
TelukLamong,SBY-07,CASALAND,CSL,2EXL,494000
TelukLamong,SBY-07,CASALAND,NHC,3EXL,549000
TelukLamong,SBY-07,CASALAND,CSL,3EXL,549000
TelukLamong,SBY-07,CJ.JMBG,CFJ,3EXL,743000
TelukLamong,SBY-07,CJ.JMBG,CFJ,2EXL,710000
TelukLamong,SBY-07,DUPAK,DPK,3EXL,229000
TelukLamong,SBY-07,DUPAK,CPD,3EXL,229000
TelukLamong,SBY-07,DUPAK,DPK,2EXL,204000
TelukLamong,SBY-07,DUPAK,CPD,2EXL,204000
TelukLamong,SBY-07,G.COIN,GCM,3EXL,241000
TelukLamong,SBY-07,G.COIN,GCM,2EXL,216000
TelukLamong,SBY-07,GANTARI(TULUS),DSG,2EXL,220000
TelukLamong,SBY-07,GANTARI(TULUS),DSG,3EXL,245000
TelukLamong,SBY-07,GEDANGAN,BAG,3EXL,455000
TelukLamong,SBY-07,GEDANGAN,JCG,3EXL,455000
TelukLamong,SBY-07,GEDANGAN,CFK,3EXL,455000
TelukLamong,SBY-07,GEDANGAN,PPG,3EXL,455000
TelukLamong,SBY-07,GEDANGAN,BAG,2EXL,409000
TelukLamong,SBY-07,GEDANGAN,JCG,2EXL,409000
TelukLamong,SBY-07,GEDANGAN,CFK,2EXL,409000
TelukLamong,SBY-07,GEDANGAN,PPG,2EXL,409000
TelukLamong,SBY-07,GEMPOL,HIG,3EXL,629000
TelukLamong,SBY-07,GEMPOL,MSG,3EXL,629000
TelukLamong,SBY-07,GEMPOL,HIG,2EXL,569000
TelukLamong,SBY-07,GEMPOL,MSG,2EXL,569000
TelukLamong,SBY-07,GRESIK(CARGIL),STM,3EXL,375000
TelukLamong,SBY-07,GRESIK(CARGIL),MYG,3EXL,375000
TelukLamong,SBY-07,GRESIK(CARGIL),STM,2EXL,329000
TelukLamong,SBY-07,GRESIK(CARGIL),MYG,2EXL,329000
TelukLamong,SBY-07,INDOCMENT,SPT,3EXL,549000
TelukLamong,SBY-07,INDOCMENT,SPT,2EXL,494000
TelukLamong,SBY-07,JAPFAMANYAR,STM,2EXL,329000
TelukLamong,SBY-07,JAPFAMANYAR,MYG,2EXL,329000
TelukLamong,SBY-07,JAPFAMANYAR,STM,3EXL,375000
TelukLamong,SBY-07,JAPFAMANYAR,MYG,3EXL,375000
TelukLamong,SBY-07,JCI,JCB,3EXL,524000
TelukLamong,SBY-07,JCI,JPB,3EXL,524000
TelukLamong,SBY-07,JCI,JCS,3EXL,524000
TelukLamong,SBY-07,JCI,JCB,2EXL,473000
TelukLamong,SBY-07,JCI,JPB,2EXL,473000
TelukLamong,SBY-07,JCI,JCS,2EXL,473000
TelukLamong,SBY-07,JMBG(PERAK),CFJ,2EXL,925000
TelukLamong,SBY-07,JMBG(PERAK),CFJ,3EXL,958000
TelukLamong,SBY-07,KIG,KGG,3EXL,375000
TelukLamong,SBY-07,KIG,KGG,2EXL,329000
TelukLamong,SBY-07,KLETEK,NHJ,2EXL,426000
TelukLamong,SBY-07,KLETEK,NHK,2EXL,426000
TelukLamong,SBY-07,KLETEK,NHJ,3EXL,473000
TelukLamong,SBY-07,KLETEK,NHK,3EXL,473000
TelukLamong,SBY-07,KLETEK,NHJ,OPENTOP,523000
TelukLamong,SBY-07,KLETEK,NHK,OPENTOP,523000
TelukLamong,SBY-07,KRIAN,SMK,3EXL,524000
TelukLamong,SBY-07,KRIAN,CIK,3EXL,524000
TelukLamong,SBY-07,KRIAN,SMK,2EXL,473000
TelukLamong,SBY-07,KRIAN,CIK,2EXL,473000
TelukLamong,SBY-07,KRIAN,SMK,OPENTOP,574000
TelukLamong,SBY-07,KRIAN,CIK,OPENTOP,574000
TelukLamong,SBY-07,MALINDO,MAL,2EXL,514000
TelukLamong,SBY-07,MALINDO,MWA,2EXL,514000
TelukLamong,SBY-07,MALINDO,MLD,2EXL,514000
TelukLamong,SBY-07,MALINDO,MLG,2EXL,514000
TelukLamong,SBY-07,MALINDO,MAL,3EXL,569000
TelukLamong,SBY-07,MALINDO,MWA,3EXL,569000
TelukLamong,SBY-07,MALINDO,MLD,3EXL,569000
TelukLamong,SBY-07,MALINDO,MLG,3EXL,569000
TelukLamong,SBY-07,MBM,,2EXL,473000
TelukLamong,SBY-07,MBM,,3EXL,524000
TelukLamong,SBY-07,MIWON,,2EXL,421000
TelukLamong,SBY-07,MIWON,,3EXL,468000
TelukLamong,SBY-07,MIWON,,3EXL,468000
TelukLamong,SBY-07,MIWON,,2EXL,421000
TelukLamong,SBY-07,MMULYO,JCM,2EXL,200000
TelukLamong,SBY-07,MMULYO,MGP,2EXL,200000
TelukLamong,SBY-07,MMULYO,BTG,2EXL,200000
TelukLamong,SBY-07,MMULYO,CPM,2EXL,200000
TelukLamong,SBY-07,MMULYO,JCM,3EXL,225000
TelukLamong,SBY-07,MMULYO,MGP,3EXL,225000
TelukLamong,SBY-07,MMULYO,BTG,3EXL,225000
TelukLamong,SBY-07,MMULYO,CPM,3EXL,225000
TelukLamong,SBY-07,MOJOSARI,NHM,3EXL,633000
TelukLamong,SBY-07,MOJOSARI,PFN,3EXL,633000
TelukLamong,SBY-07,MOJOSARI,NHM,2EXL,573000
TelukLamong,SBY-07,MOJOSARI,PFN,2EXL,573000
TelukLamong,SBY-07,MURTI,MJA,3EXL,250000
TelukLamong,SBY-07,MURTI,MUR,3EXL,250000
TelukLamong,SBY-07,MURTI,MJA,3EXL,250000
TelukLamong,SBY-07,MURTI,MJA,2EXL,225000
TelukLamong,SBY-07,MURTI,MUR,2EXL,225000
TelukLamong,SBY-07,MURTI,MJA,2EXL,225000
TelukLamong,SBY-07,NEWHOPE,NHJ,3EXL,473000
TelukLamong,SBY-07,NEWHOPE,NHK,3EXL,473000
TelukLamong,SBY-07,NEWHOPE,NHJ,2EXL,427000
TelukLamong,SBY-07,NEWHOPE,NHK,2EXL,427000
TelukLamong,SBY-07,NGORO,WNM,2EXL,573000
TelukLamong,SBY-07,NGORO,EHN,2EXL,573000
TelukLamong,SBY-07,NGORO,WNM,3EXL,633000
TelukLamong,SBY-07,NGORO,EHN,3EXL,633000
TelukLamong,SBY-07,PANDAAN,PPD,2EXL,569000
TelukLamong,SBY-07,PANDAAN,PPD,3EXL,629000
TelukLamong,SBY-07,PIER,KRI,3EXL,720000
TelukLamong,SBY-07,PIER,CGK,3EXL,720000
TelukLamong,SBY-07,PIER,BJP,3EXL,720000
TelukLamong,SBY-07,PIER,KRI,2EXL,660000
TelukLamong,SBY-07,PIER,CGK,2EXL,660000
TelukLamong,SBY-07,PIER,BJP,2EXL,660000
TelukLamong,SBY-07,PUNGGING,DMP,2EXL,574000
TelukLamong,SBY-07,PUNGGING,DMP,3EXL,634000
TelukLamong,SBY-07,ROMO,MRM,3EXL,205000
TelukLamong,SBY-07,ROMO,RMK,3EXL,205000
TelukLamong,SBY-07,ROMO,MRM,2EXL,180000
TelukLamong,SBY-07,ROMO,RMK,2EXL,180000
TelukLamong,SBY-07,ROMO,MRM,OPENTOP,255000
TelukLamong,SBY-07,ROMO,RMK,OPENTOP,255000
TelukLamong,SBY-07,SEGER,SEG,2EXL,514000
TelukLamong,SBY-07,SEGER,SGR,2EXL,514000
TelukLamong,SBY-07,SEGER,SEG,3EXL,569000
TelukLamong,SBY-07,SEGER,SGR,3EXL,569000
TelukLamong,SBY-07,SEMARANG,,3EXL,2500000
TelukLamong,SBY-07,SEMARANG,,OPENTOP,2700000
TelukLamong,SBY-07,SIANTAR,STT,3EXL,504000
TelukLamong,SBY-07,SIANTAR,STA,3EXL,504000
TelukLamong,SBY-07,SIANTAR,STT,2EXL,457000
TelukLamong,SBY-07,SIANTAR,STA,2EXL,457000
TelukLamong,SBY-07,SIERAD,SRW,2EXL,489000
TelukLamong,SBY-07,SIERAD,SID,2EXL,489000
TelukLamong,SBY-07,SIERAD,SYS,2EXL,489000
TelukLamong,SBY-07,SIERAD,SRW,3EXL,549000
TelukLamong,SBY-07,SIERAD,SID,3EXL,549000
TelukLamong,SBY-07,SIERAD,SYS,3EXL,549000
TelukLamong,SBY-07,SPC,SPT,OPENTOP,523000
TelukLamong,SBY-07,SPC,SPT,2EXL,478000
TelukLamong,SBY-07,SPC,SPT,3EXL,524000
TelukLamong,SBY-07,SPJ,CIS,3EXL,473000
TelukLamong,SBY-07,SPJ,CIS,2EXL,426000
TelukLamong,SBY-07,STPMANYAR,STM,2EXL,334000
TelukLamong,SBY-07,STPMANYAR,MYG,2EXL,334000
TelukLamong,SBY-07,STPMANYAR,STM,3EXL,380000
TelukLamong,SBY-07,STPMANYAR,MYG,3EXL,380000
TelukLamong,SBY-07,SUI,SUK,2EXL,473000
TelukLamong,SBY-07,SUI,SUI,2EXL,473000
TelukLamong,SBY-07,SUI,SUK,3EXL,524000
TelukLamong,SBY-07,SUI,SUI,3EXL,524000
TelukLamong,SBY-07,TB.LANGON,TBL,2EXL,102000
TelukLamong,SBY-07,TB.LANGON,TBL,3EXL,117000
TelukLamong,SBY-07,TJ.BATU,TGB,OPENTOP,428000
TelukLamong,SBY-07,TJ.BATU,TGB,3EXL,378000
TelukLamong,SBY-07,TJ.BATU,TGB,2EXL,332000
TelukLamong,SBY-07,WONOKOYO,WKG,2EXL,569000
TelukLamong,SBY-07,WONOKOYO,IKS,2EXL,569000
TelukLamong,SBY-07,WONOKOYO,WKY,2EXL,569000
TelukLamong,SBY-07,WONOKOYO,WKG,3EXL,629000
TelukLamong,SBY-07,WONOKOYO,IKS,3EXL,629000
TelukLamong,SBY-07,WONOKOYO,WKY,3EXL,629000
TelukLamong,SBY-07,WIRIFA,WNM,3EXL,633000
TelukLamong,SBY-07,WIRIFA,EHN,3EXL,633000
TelukLamong,SBY-07,WIRIFA,WNM,2EXL,573000
TelukLamong,SBY-07,WIRIFA,EHN,2EXL,573000
TelukLamong,SBY-07,WONOAYU,SRW,2EXL,351000
TelukLamong,SBY-07,WONOAYU,SID,2EXL,351000
TelukLamong,SBY-07,WONOAYU,SYS,2EXL,351000
TelukLamong,SBY-07,WONOAYU,SRW,3EXL,398000
TelukLamong,SBY-07,WONOAYU,SID,3EXL,398000
TelukLamong,SBY-07,WONOAYU,SYS,3EXL,398000
TelukLamong,SBY-07,JAMRUD,JMD,3EXL,221000
TelukLamong,SBY-07,JAMRUD,GTT,3EXL,221000
TelukLamong,SBY-07,JAMRUD,PBP,3EXL,221000
TelukLamong,SBY-07,JAMRUD,JMD,2EXL,196000
TelukLamong,SBY-07,JAMRUD,GTT,2EXL,196000
TelukLamong,SBY-07,JAMRUD,PBP,2EXL,196000
TelukLamong,SBY-07,KRIAN,SMK,2EXL,393000
TelukLamong,SBY-07,KRIAN,CIK,2EXL,393000
TelukLamong,SBY-07,KRIAN,SMK,3EXL,444000
TelukLamong,SBY-07,KRIAN,CIK,3EXL,444000
TelukLamong,SBY-07,SIANTAR,STT,2EXL,377000
TelukLamong,SBY-07,SIANTAR,STA,2EXL,377000
TelukLamong,SBY-07,SIANTAR,STT,3EXL,424000
TelukLamong,SBY-07,SIANTAR,STA,3EXL,424000
TelukLamong,SBY-07,SPJ,CIS,3EXL,424000
TelukLamong,SBY-07,SPJ,CIS,2EXL,377000
TelukLamong,SBY-07,T.LANGON,TBL,2EXL,196000
TelukLamong,SBY-07,T.LANGON,TBL,3EXL,221000
PELABUHAN,SBY-11,TBJAMRUD,JMD,2EXL,112000
PELABUHAN,SBY-11,TBJAMRUD,GTT,2EXL,112000
PELABUHAN,SBY-11,TBJAMRUD,PBP,2EXL,112000
PELABUHAN,SBY-11,TBJAMRUD,JMD,3EXL,127000
PELABUHAN,SBY-11,TBJAMRUD,GTT,3EXL,127000
PELABUHAN,SBY-11,TBJAMRUD,PBP,3EXL,127000
PELABUHAN,SBY-11,TBLANGON16,TBL,2EXL,216000
PELABUHAN,SBY-11,TBLANGON16,TBL,3EXL,241000
PELABUHAN,SBY-11,TBLANGON22,TBL,3EXL,221000
PELABUHAN,SBY-11,TBLANGON22,TBL,2EXL,196000
PELABUHAN,SBY-11,TBLANGON28,TBL,2EXL,196000
PELABUHAN,SBY-11,TBLANGON28,TBL,3EXL,221000
PELABUHAN,SBY-11,TBLANGON30,TBL,2EXL,196000
PELABUHAN,SBY-11,TBLANGON30,TBL,3EXL,221000
TambakLangon,SBY-04,INDOCEMENT,SPT,3EXL,469000
TambakLangon,SBY-04,INDOCEMENT,SPT,2EXL,414000
TambakLangon,SBY-04,SPJ,CIS,3EXL,393000
TambakLangon,SBY-04,SPJ,CIS,2EXL,346000
PELABUHAN,SBY-11,TB.SAWAH,GTS,2EXL,382000
PELABUHAN,SBY-11,TB.SAWAH,TSW,2EXL,382000
PELABUHAN,SBY-11,TB.SAWAH,GTS,3EXL,429000
PELABUHAN,SBY-11,TB.SAWAH,TSW,3EXL,429000
PELABUHAN,SBY-11,TJBATUJU,TGB,2EXL,113000
PELABUHAN,SBY-11,TJBATUJU,TGB,3EXL,127000
PELABUHAN,SBY-11,TJ.BATU,TGB,3EXL,117000
PELABUHAN,SBY-11,TJ.BATU,TGB,2EXL,102000
TelukLamong,SBY-07,BYPASINDOCHEM,SIK,2EXL,414000
TelukLamong,SBY-07,BYPASINDOCHEM,SIK,3EXL,469000
TelukLamong,SBY-07,EASTHOPE,WNM,3EXL,553000
TelukLamong,SBY-07,EASTHOPE,EHN,3EXL,553000
TelukLamong,SBY-07,EASTHOPE,WNM,2EXL,493000
TelukLamong,SBY-07,EASTHOPE,EHN,2EXL,493000
TelukLamong,SBY-07,GEDANGAN,BAG,2EXL,334000
TelukLamong,SBY-07,GEDANGAN,JCG,2EXL,334000
TelukLamong,SBY-07,GEDANGAN,CFK,2EXL,334000
TelukLamong,SBY-07,GEDANGAN,PPG,2EXL,334000
TelukLamong,SBY-07,GEDANGAN,BAG,3EXL,380000
TelukLamong,SBY-07,GEDANGAN,JCG,3EXL,380000
TelukLamong,SBY-07,GEDANGAN,CFK,3EXL,380000
TelukLamong,SBY-07,GEDANGAN,PPG,3EXL,380000
TelukLamong,SBY-07,GEMPOL,HIG,2EXL,494000
TelukLamong,SBY-07,GEMPOL,MSG,2EXL,494000
TelukLamong,SBY-07,GEMPOL,HIG,3EXL,554000
TelukLamong,SBY-07,GEMPOL,MSG,3EXL,554000
TelukLamong,SBY-07,JMBG(PERAK),CFJ,3EXL,878000
TelukLamong,SBY-07,JMBG(PERAK),CFJ,2EXL,845000
TelukLamong,SBY-07,KALIANAK,KAL,2EXL,180000
TelukLamong,SBY-07,KALIANAK,KAL,3EXL,205000
TelukLamong,SBY-07,MMULYO,JCM,3EXL,221000
TelukLamong,SBY-07,MMULYO,MGP,3EXL,221000
TelukLamong,SBY-07,MMULYO,BTG,3EXL,221000
TelukLamong,SBY-07,MMULYO,CPM,3EXL,221000
TelukLamong,SBY-07,MMULYO,JCM,2EXL,196000
TelukLamong,SBY-07,MMULYO,MGP,2EXL,196000
TelukLamong,SBY-07,MMULYO,BTG,2EXL,196000
TelukLamong,SBY-07,MMULYO,CPM,2EXL,196000
TelukLamong,SBY-07,NEWHOPE,NHJ,2EXL,346000
TelukLamong,SBY-07,NEWHOPE,NHK,2EXL,346000
TelukLamong,SBY-07,NEWHOPE,NHJ,3EXL,393000
TelukLamong,SBY-07,NEWHOPE,NHK,3EXL,393000
TelukLamong,SBY-07,TB.SAWAH,GTS,3EXL,424000
TelukLamong,SBY-07,TB.SAWAH,TSW,3EXL,424000
TelukLamong,SBY-07,TB.SAWAH,GTS,2EXL,377000
TelukLamong,SBY-07,TB.SAWAH,TSW,2EXL,377000
TelukLamong,SBY-07,WONOKOYO,WKG,3EXL,549000
TelukLamong,SBY-07,WONOKOYO,IKS,3EXL,549000
TelukLamong,SBY-07,WONOKOYO,WKY,3EXL,549000
TelukLamong,SBY-07,WONOKOYO,WKG,2EXL,489000
TelukLamong,SBY-07,WONOKOYO,IKS,2EXL,489000
TelukLamong,SBY-07,WONOKOYO,WKY,2EXL,489000
PELABUHAN,SBY-11,TROSOBO,SPT,3EXL,449000
PELABUHAN,SBY-11,TROSOBO,SPT,2EXL,398000
SPCTrosobo,SBY-08,JAMRUD,JMD,3EXL,444000
SPCTrosobo,SBY-08,JAMRUD,GTT,3EXL,444000
SPCTrosobo,SBY-08,JAMRUD,PBP,3EXL,444000
SPCTrosobo,SBY-08,JAMRUD,JMD,2EXL,393000
SPCTrosobo,SBY-08,JAMRUD,GTT,2EXL,393000
SPCTrosobo,SBY-08,JAMRUD,PBP,2EXL,393000
PELABUHAN,SBY-11,UNIGRAIN,SUK,3EXL,444000
PELABUHAN,SBY-11,UNIGRAIN,SUI,3EXL,444000
PELABUHAN,SBY-11,UNIGRAIN,SUK,2EXL,393000
PELABUHAN,SBY-11,UNIGRAIN,SUI,2EXL,393000
PELABUHAN,SBY-11,WILMAR,,2EXL,324000
PELABUHAN,SBY-11,WILMAR,,3EXL,370000
PELABUHAN,SBY-11,WIRIFANGORO,WNM,3EXL,553000
PELABUHAN,SBY-11,WIRIFANGORO,EHN,3EXL,553000
PELABUHAN,SBY-11,WIRIFANGORO,WNM,2EXL,493000
PELABUHAN,SBY-11,WIRIFANGORO,EHN,2EXL,493000
PELABUHAN,SBY-11,WONOKOYO,WKG,3EXL,554000
PELABUHAN,SBY-11,WONOKOYO,IKS,3EXL,554000
PELABUHAN,SBY-11,WONOKOYO,WKY,3EXL,554000
PELABUHAN,SBY-11,WONOKOYO,WKG,2EXL,494000
PELABUHAN,SBY-11,WONOKOYO,IKS,2EXL,494000
PELABUHAN,SBY-11,WONOKOYO,WKY,2EXL,494000
